i0
200 0 0
i1
0 200 0
i2
0 0 200
i0
200 0 0
i1
0 200 0
i2
0 0 200
i0
200 0 0
i1
0 200 0
i2
0 0 200
i0
200 0 0
i1
0 200 0
i2
0 0 200
i0
200 0 0
i1
0 200 0
i2
0 0 200
i0
200 0 0
i1
0 200 0
i2
0 0 200
i0
200 0 0
i1
0 200 0
i2
0 0 200
i0
200 0 0
i1
0 200 0
i2
0 0 200
i0
200 0 0
i1
0 200 0
i2
0 0 200
i0
200 0 0
i1
0 200 0
i2
0 0 200
i0
200 0 0
i1
0 200 0
i2
0 0 200
i0
200 0 0
i1
0 200 0
i2
0 0 200
i0
200 0 0
i1
0 200 0
i2
0 0 200
i0
200 0 0
i1
0 200 0
i2
0 0 200
i0
200 0 0
i1
0 200 0
i2
0 0 200
i0
200 0 0
i1
0 200 0
i2
0 0 200
i0
199 0 1
i1
0 199 1
i2
0 1 199
i0
199 0 1
i1
0 199 1
i2
0 1 199
i0
199 0 1
i1
0 199 1
i2
0 1 199
i0
199 0 1
i1
0 199 1
i2
0 1 199
i0
199 0 1
i1
0 199 1
i2
0 1 199
i0
199 0 1
i1
0 199 1
i2
0 1 199
i0
199 0 1
i1
0 199 1
i2
0 1 199
i0
199 0 1
i1
0 199 1
i2
0 1 199
i0
199 0 1
i1
0 199 1
i2
0 1 199
i0
199 0 1
i1
0 199 1
i2
0 1 199
i0
199 0 1
i1
0 199 1
i2
0 1 199
i0
199 0 1
i1
0 199 1
i2
0 1 199
i0
199 0 1
i1
0 199 1
i2
0 1 199
i0
198 0 2
i1
0 198 2
i2
0 2 198
i0
198 0 2
i1
0 198 2
i2
0 2 198
i0
198 0 2
i1
0 198 2
i2
0 2 198
i0
198 0 2
i1
0 198 2
i2
0 2 198
i0
198 0 2
i1
0 198 2
i2
0 2 198
i0
198 0 2
i1
0 198 2
i2
0 2 198
i0
198 0 2
i1
0 198 2
i2
0 2 198
i0
198 0 2
i1
0 198 2
i2
0 2 198
i0
198 0 2
i1
0 198 2
i2
0 2 198
i0
197 0 3
i1
0 197 3
i2
0 3 197
i0
197 0 3
i1
0 197 3
i2
0 3 197
i0
197 0 3
i1
0 197 3
i2
0 3 197
i0
197 0 3
i1
0 197 3
i2
0 3 197
i0
197 0 3
i1
0 197 3
i2
0 3 197
i0
197 0 3
i1
0 197 3
i2
0 3 197
i0
197 0 3
i1
0 197 3
i2
0 3 197
i0
196 0 4
i1
0 196 4
i2
0 4 196
i0
196 0 4
i1
0 196 4
i2
0 4 196
i0
196 0 4
i1
0 196 4
i2
0 4 196
i0
196 0 4
i1
0 196 4
i2
0 4 196
i0
196 0 4
i1
0 196 4
i2
0 4 196
i0
196 0 4
i1
0 196 4
i2
0 4 196
i0
195 0 5
i1
0 195 5
i2
0 5 195
i0
195 0 5
i1
0 195 5
i2
0 5 195
i0
195 0 5
i1
0 195 5
i2
0 5 195
i0
195 0 5
i1
0 195 5
i2
0 5 195
i0
195 0 5
i1
0 195 5
i2
0 5 195
i0
194 0 6
i1
0 194 6
i2
0 6 194
i0
194 0 6
i1
0 194 6
i2
0 6 194
i0
194 0 6
i1
0 194 6
i2
0 6 194
i0
194 0 6
i1
0 194 6
i2
0 6 194
i0
194 0 6
i1
0 194 6
i2
0 6 194
i0
193 0 7
i1
0 193 7
i2
0 7 193
i0
193 0 7
i1
0 193 7
i2
0 7 193
i0
193 0 7
i1
0 193 7
i2
0 7 193
i0
193 0 7
i1
0 193 7
i2
0 7 193
i0
193 0 7
i1
0 193 7
i2
0 7 193
i0
192 0 8
i1
0 192 8
i2
0 8 192
i0
192 0 8
i1
0 192 8
i2
0 8 192
i0
192 0 8
i1
0 192 8
i2
0 8 192
i0
192 0 8
i1
0 192 8
i2
0 8 192
i0
191 0 9
i1
0 191 9
i2
0 9 191
i0
191 0 9
i1
0 191 9
i2
0 9 191
i0
191 0 9
i1
0 191 9
i2
0 9 191
i0
191 0 9
i1
0 191 9
i2
0 9 191
i0
190 0 10
i1
0 190 10
i2
0 10 190
i0
190 0 10
i1
0 190 10
i2
0 10 190
i0
190 0 10
i1
0 190 10
i2
0 10 190
i0
190 0 10
i1
0 190 10
i2
0 10 190
i0
189 0 11
i1
0 189 11
i2
0 11 189
i0
189 0 11
i1
0 189 11
i2
0 11 189
i0
189 0 11
i1
0 189 11
i2
0 11 189
i0
188 0 11
i1
0 188 12
i2
0 12 188
i0
188 0 12
i1
0 188 12
i2
0 12 188
i0
188 0 12
i1
0 188 12
i2
0 12 188
i0
188 0 12
i1
0 188 12
i2
0 12 188
i0
187 0 13
i1
0 187 13
i2
0 13 187
i0
187 0 13
i1
0 187 13
i2
0 13 187
i0
187 0 13
i1
0 187 13
i2
0 13 187
i0
186 0 14
i1
0 186 14
i2
0 14 186
i0
186 0 14
i1
0 186 14
i2
0 14 186
i0
186 0 14
i1
0 186 14
i2
0 14 186
i0
185 0 14
i1
0 185 15
i2
0 15 185
i0
185 0 15
i1
0 185 15
i2
0 15 185
i0
185 0 15
i1
0 185 15
i2
0 15 185
i0
184 0 15
i1
0 184 16
i2
0 16 184
i0
184 0 16
i1
0 184 16
i2
0 16 184
i0
184 0 16
i1
0 184 16
i2
0 16 184
i0
183 0 16
i1
0 183 17
i2
0 17 183
i0
183 0 17
i1
0 183 17
i2
0 17 183
i0
183 0 17
i1
0 183 17
i2
0 17 183
i0
182 0 17
i1
0 182 18
i2
0 18 182
i0
182 0 18
i1
0 182 18
i2
0 18 182
i0
182 0 18
i1
0 182 18
i2
0 18 182
i0
181 0 18
i1
0 181 19
i2
0 19 181
i0
181 0 19
i1
0 181 19
i2
0 19 181
i0
180 0 19
i1
0 180 20
i2
0 20 180
i0
180 0 20
i1
0 180 20
i2
0 20 180
i0
180 0 20
i1
0 180 20
i2
0 20 180
i0
179 0 20
i1
0 179 21
i2
0 21 179
i0
179 0 21
i1
0 179 21
i2
0 21 179
i0
178 0 21
i1
0 178 22
i2
0 22 178
i0
178 0 21
i1
0 178 22
i2
0 22 178
i0
178 0 22
i1
0 178 22
i2
0 22 178
i0
177 0 22
i1
0 177 23
i2
0 23 177
i0
177 0 23
i1
0 177 23
i2
0 23 177
i0
176 0 23
i1
0 176 24
i2
0 24 176
i0
176 1 23
i1
0 176 24
i2
0 24 176
i0
176 1 24
i1
0 176 24
i2
0 24 176
i0
175 1 24
i1
0 175 25
i2
0 25 175
i0
175 1 25
i1
0 175 25
i2
0 25 175
i0
174 1 25
i1
0 174 26
i2
0 26 174
i0
174 1 26
i1
0 174 26
i2
0 26 174
i0
173 1 26
i1
0 173 27
i2
0 27 173
i0
173 1 26
i1
0 173 27
i2
0 27 173
i0
172 1 27
i1
0 172 28
i2
0 28 172
i0
172 1 27
i1
0 172 28
i2
0 28 172
i0
172 1 28
i1
0 171 29
i2
0 29 171
i0
171 1 28
i1
0 171 29
i2
0 29 171
i0
171 1 29
i1
0 171 29
i2
0 29 171
i0
170 1 29
i1
0 170 30
i2
0 30 170
i0
170 1 30
i1
0 170 30
i2
0 30 170
i0
169 1 30
i1
0 169 31
i2
0 31 169
i0
169 1 30
i1
0 169 31
i2
0 31 169
i0
168 1 31
i1
0 168 32
i2
0 32 168
i0
168 1 31
i1
0 168 32
i2
0 32 168
i0
167 1 32
i1
0 167 33
i2
0 33 167
i0
167 1 32
i1
0 166 34
i2
0 34 166
i0
166 1 33
i1
0 166 34
i2
0 34 166
i0
166 1 33
i1
0 165 35
i2
0 35 165
i0
165 1 34
i1
0 165 35
i2
0 35 165
i0
164 1 34
i1
0 164 36
i2
0 36 164
i0
164 1 35
i1
0 164 36
i2
0 36 164
i0
163 1 35
i1
0 163 37
i2
0 37 163
i0
163 1 36
i1
0 163 37
i2
0 37 163
i0
162 1 36
i1
0 162 38
i2
0 38 162
i0
162 1 37
i1
0 162 38
i2
0 38 162
i0
161 1 37
i1
0 161 39
i2
0 39 161
i0
161 1 38
i1
0 160 40
i2
0 40 160
i0
160 2 38
i1
0 160 40
i2
0 40 160
i0
159 2 39
i1
0 159 41
i2
0 41 159
i0
159 2 40
i1
0 159 41
i2
0 41 159
i0
158 2 40
i1
0 158 42
i2
0 42 158
i0
158 2 41
i1
0 157 43
i2
0 43 157
i0
157 2 41
i1
0 157 43
i2
0 43 157
i0
156 2 42
i1
0 156 44
i2
0 44 156
i0
156 2 42
i1
0 156 44
i2
0 44 156
i0
155 2 43
i1
0 155 45
i2
0 45 155
i0
155 2 43
i1
0 154 46
i2
0 46 154
i0
154 2 44
i1
0 154 46
i2
0 46 154
i0
153 2 44
i1
0 153 47
i2
0 47 153
i0
153 2 45
i1
0 152 48
i2
0 48 152
i0
152 2 46
i1
0 152 48
i2
0 48 152
i0
151 2 46
i1
0 151 49
i2
0 49 151
i0
151 2 47
i1
0 150 50
i2
0 50 150
i0
150 2 47
i1
0 150 50
i2
0 50 150
i0
149 3 48
i1
0 149 51
i2
0 51 149
i0
149 3 49
i1
0 148 52
i2
0 52 148
i0
148 3 49
i1
0 148 52
i2
0 52 148
i0
147 3 50
i1
0 147 53
i2
0 53 147
i0
147 3 50
i1
0 146 54
i2
0 54 146
i0
146 3 51
i1
0 146 54
i2
0 54 146
i0
145 3 52
i1
0 145 55
i2
0 55 145
i0
145 3 52
i1
0 144 56
i2
0 56 144
i0
144 3 53
i1
0 143 57
i2
0 57 143
i0
143 3 54
i1
0 143 57
i2
0 57 143
i0
143 3 54
i1
0 142 58
i2
0 58 142
i0
142 3 55
i1
0 141 59
i2
0 59 141
i0
141 4 55
i1
0 140 60
i2
0 60 140
i0
140 4 56
i1
0 139 61
i2
0 61 139
i0
140 4 57
i1
0 139 61
i2
0 61 139
i0
139 4 57
i1
0 138 62
i2
0 62 138
i0
138 4 58
i1
0 137 63
i2
0 63 137
i0
137 4 59
i1
0 136 64
i2
0 64 136
i0
137 4 59
i1
0 135 65
i2
0 65 135
i0
136 4 60
i1
0 135 65
i2
0 65 135
i0
135 4 61
i1
0 134 66
i2
0 66 134
i0
134 5 61
i1
0 133 67
i2
0 67 133
i0
133 5 62
i1
0 132 68
i2
0 68 132
i0
133 5 63
i1
0 131 69
i2
0 69 131
i0
132 5 63
i1
0 130 70
i2
0 70 130
i0
131 5 64
i1
0 129 71
i2
0 71 129
i0
130 5 65
i1
0 128 72
i2
0 72 128
i0
129 5 65
i1
0 128 72
i2
0 72 128
i0
128 5 66
i1
0 127 73
i2
0 73 127
i0
128 6 67
i1
0 126 74
i2
0 74 126
i0
127 6 68
i1
0 125 75
i2
0 75 125
i0
126 6 68
i1
0 124 76
i2
0 76 124
i0
125 6 69
i1
0 123 77
i2
0 77 123
i0
124 6 70
i1
0 122 78
i2
0 78 122
i0
123 6 70
i1
0 121 79
i2
0 79 121
i0
122 7 71
i1
0 120 80
i2
0 80 120
i0
121 7 72
i1
0 119 81
i2
0 81 119
i0
121 7 73
i1
0 118 82
i2
0 82 118
i0
120 7 73
i1
0 116 84
i2
0 84 116
i0
119 7 74
i1
0 115 85
i2
0 85 115
i0
118 8 75
i1
0 114 86
i2
0 86 114
i0
117 8 75
i1
0 113 87
i2
0 87 113
i0
116 8 76
i1
0 112 88
i2
0 88 112
i0
115 8 77
i1
0 111 89
i2
0 89 111
i0
114 8 78
i1
0 109 91
i2
0 91 109
i0
113 9 78
i1
0 108 92
i2
0 92 108
i0
112 9 79
i1
0 107 93
i2
0 93 107
i0
111 9 80
i1
0 105 95
i2
0 95 105
i0
110 9 81
i1
0 104 96
i2
0 96 104
i0
109 10 81
i1
0 103 97
i2
0 97 103
i0
108 10 82
i1
0 101 99
i2
0 99 101
i0
107 10 83
i1
0 99 101
i2
0 101 99
i0
106 10 84
i1
0 97 103
i2
0 103 97
i0
105 11 84
i1
0 96 104
i2
0 104 96
i0
104 11 85
i1
0 94 106
i2
0 106 94
i0
103 11 86
i1
0 93 107
i2
0 107 93
i0
102 11 87
i1
0 91 109
i2
0 109 91
i0
101 12 87
i1
0 90 110
i2
0 110 90
i0
100 12 88
i1
0 89 111
i2
0 111 89
i0
99 12 89
i1
0 87 113
i2
0 113 87
i0
98 13 90
i1
0 86 114
i2
0 114 86
i0
97 13 90
i1
0 85 115
i2
0 115 85
i0
96 13 91
i1
0 84 116
i2
0 116 84
i0
94 14 92
i1
0 83 117
i2
0 117 83
i0
93 14 93
i1
0 81 119
i2
0 119 81
i0
92 14 93
i1
0 80 120
i2
0 120 80
i0
91 15 94
i1
0 79 121
i2
0 121 79
i0
90 15 95
i1
0 78 122
i2
0 122 78
i0
89 15 96
i1
0 77 123
i2
0 123 77
i0
88 16 96
i1
0 76 124
i2
0 124 76
i0
87 16 97
i1
0 75 125
i2
0 125 75
i0
86 16 98
i1
0 74 126
i2
0 126 74
i0
84 17 99
i1
0 73 127
i2
0 127 73
i0
83 17 99
i1
0 72 128
i2
0 128 72
i0
82 18 100
i1
0 71 129
i2
0 129 71
i0
81 18 101
i1
0 70 130
i2
0 130 70
i0
80 19 102
i1
0 69 131
i2
0 131 69
i0
79 19 102
i1
0 68 132
i2
0 132 68
i0
77 19 103
i1
0 67 133
i2
0 133 67
i0
76 20 104
i1
0 66 134
i2
0 134 66
i0
75 20 105
i1
0 65 135
i2
0 135 65
i0
74 21 105
i1
0 64 136
i2
0 136 64
i0
73 21 106
i1
0 63 137
i2
0 137 63
i0
72 22 107
i1
0 62 138
i2
0 138 62
i0
70 22 107
i1
0 61 139
i2
0 139 61
i0
69 23 108
i1
0 60 140
i2
0 140 60
i0
68 23 109
i1
0 59 141
i2
0 141 59
i0
67 24 110
i1
0 58 142
i2
0 142 58
i0
65 24 110
i1
0 57 143
i2
0 143 57
i0
64 25 111
i1
0 56 144
i2
0 144 56
i0
63 25 112
i1
0 56 144
i2
0 144 56
i0
62 26 112
i1
0 55 145
i2
0 145 55
i0
61 26 113
i1
0 54 146
i2
0 146 54
i0
59 27 114
i1
0 53 147
i2
0 147 53
i0
58 28 114
i1
0 52 148
i2
0 148 52
i0
57 28 115
i1
0 51 149
i2
0 149 51
i0
56 29 116
i1
0 50 150
i2
0 150 50
i0
54 29 116
i1
0 50 150
i2
0 150 50
i0
53 30 117
i1
0 49 151
i2
0 151 49
i0
52 30 118
i1
0 48 152
i2
0 152 48
i0
50 31 118
i1
0 47 153
i2
0 153 47
i0
49 32 119
i1
0 46 154
i2
0 154 46
i0
48 32 120
i1
0 46 154
i2
0 154 46
i0
47 33 120
i1
0 45 155
i2
0 155 45
i0
45 34 121
i1
0 44 156
i2
0 156 44
i0
44 34 122
i1
0 43 157
i2
0 157 43
i0
43 35 122
i1
0 43 157
i2
0 157 43
i0
42 36 123
i1
0 42 158
i2
0 158 42
i0
40 36 124
i1
0 41 159
i2
0 159 41
i0
39 37 124
i1
0 40 160
i2
0 160 40
i0
38 38 125
i1
0 39 161
i2
0 161 39
i0
36 38 125
i1
0 39 161
i2
0 161 39
i0
35 39 126
i1
0 38 162
i2
0 162 38
i0
34 40 127
i1
0 37 163
i2
0 163 37
i0
33 40 127
i1
0 37 163
i2
0 163 37
i0
31 41 128
i1
0 36 164
i2
0 164 36
i0
30 42 128
i1
0 35 165
i2
0 165 35
i0
29 42 129
i1
0 34 166
i2
0 166 34
i0
27 43 130
i1
0 34 166
i2
0 166 34
i0
26 44 130
i1
0 33 167
i2
0 167 33
i0
25 45 131
i1
0 32 168
i2
0 168 32
i0
23 45 131
i1
0 32 168
i2
0 168 32
i0
22 46 132
i1
0 31 169
i2
0 169 31
i0
21 47 132
i1
0 30 170
i2
0 170 30
i0
19 48 133
i1
0 30 170
i2
0 170 30
i0
18 48 133
i1
0 29 171
i2
0 171 29
i0
17 49 134
i1
0 28 172
i2
0 172 28
i0
15 50 134
i1
0 28 172
i2
0 172 28
i0
14 51 135
i1
0 27 173
i2
0 173 27
i0
13 52 136
i1
0 26 174
i2
0 174 26
i0
12 52 136
i1
0 26 174
i2
0 174 26
i0
10 53 137
i1
0 25 175
i2
0 175 25
i0
9 54 137
i1
0 24 176
i2
0 176 24
i0
8 55 138
i1
0 24 176
i2
0 176 24
i0
6 56 138
i1
0 23 177
i2
0 177 23
i0
5 57 138
i1
0 22 178
i2
0 178 22
i0
4 57 139
i1
0 22 178
i2
0 178 22
i0
2 58 139
i1
0 21 179
i2
0 179 21
i0
1 59 140
i1
0 21 179
i2
0 179 21
i0
-0 60 140
i1
0 20 180
i2
0 180 20
i0
-2 61 141
i1
0 19 181
i2
0 181 19
i0
-3 62 141
i1
0 19 181
i2
0 181 19
i0
-4 63 142
i1
0 18 182
i2
0 182 18
i0
-6 63 142
i1
0 18 182
i2
0 182 18
i0
-7 64 143
i1
0 17 183
i2
0 183 17
i0
-8 65 143
i1
0 16 184
i2
0 184 16
i0
-10 66 143
i1
0 16 184
i2
0 184 16
i0
-11 67 144
i1
0 15 185
i2
0 185 15
i0
-12 68 144
i1
0 15 185
i2
0 185 15
i0
-14 69 145
i1
0 14 186
i2
0 186 14
i0
-15 70 145
i1
0 14 186
i2
0 186 14
i0
-16 71 145
i1
0 13 187
i2
0 187 13
i0
-17 72 146
i1
0 12 188
i2
0 188 12
i0
-19 73 146
i1
0 12 188
i2
0 188 12
i0
-20 73 147
i1
0 11 189
i2
0 189 11
i0
-21 74 147
i1
0 11 189
i2
0 189 11
i0
-23 75 147
i1
0 10 190
i2
0 190 10
i0
-24 76 148
i1
0 10 190
i2
0 190 10
i0
-25 77 148
i1
0 9 191
i2
0 191 9
i0
-27 78 148
i1
0 9 191
i2
0 191 9
i0
-28 79 149
i1
0 8 192
i2
0 192 8
i0
-29 80 149
i1
0 8 192
i2
0 192 8
i0
-31 81 149
i1
0 7 193
i2
0 193 7
i0
-32 82 150
i1
0 7 193
i2
0 193 7
i0
-33 83 150
i1
0 6 194
i2
0 194 6
i0
-35 84 150
i1
0 6 194
i2
0 194 6
i0
-36 85 151
i1
0 5 195
i2
0 195 5
i0
-37 86 151
i1
0 5 195
i2
0 195 5
i0
-38 87 151
i1
0 4 196
i2
0 196 4
i0
-40 88 152
i1
0 4 196
i2
0 196 4
i0
-41 89 152
i1
0 3 197
i2
0 197 3
i0
-42 90 152
i1
0 3 197
i2
0 197 3
i0
-44 91 152
i1
0 2 198
i2
0 198 2
i0
-45 92 153
i1
0 2 198
i2
0 198 2
i0
-46 93 153
i1
0 1 199
i2
0 199 1
i0
-47 94 153
i1
0 1 199
i2
0 199 1
i0
-49 95 154
i1
0 0 200
i2
0 200 0
i0
-50 96 154
i1
0 -0 200
i2
0 200 -0
i0
-51 97 154
i1
0 -1 201
i2
0 201 -1
i0
-53 98 154
i1
0 -1 201
i2
0 201 -1
i0
-54 99 154
i1
0 -2 202
i2
0 202 -2
i0
-55 100 155
i1
0 -2 202
i2
0 202 -2
i0
-56 101 155
i1
0 -3 203
i2
0 203 -3
i0
-58 103 155
i1
0 -3 203
i2
0 203 -3
i0
-59 104 155
i1
0 -3 203
i2
0 203 -3
i0
-60 105 156
i1
0 -4 204
i2
0 204 -4
i0
-61 106 156
i1
0 -4 204
i2
0 204 -4
i0
-63 107 156
i1
0 -5 205
i2
0 205 -5
i0
-64 108 156
i1
0 -5 205
i2
0 205 -5
i0
-65 109 156
i1
0 -6 206
i2
0 206 -6
i0
-67 110 156
i1
0 -6 206
i2
0 206 -6
i0
-68 111 157
i1
0 -6 206
i2
0 206 -6
i0
-69 112 157
i1
0 -7 207
i2
0 207 -7
i0
-70 113 157
i1
0 -7 207
i2
0 207 -7
i0
-72 114 157
i1
0 -8 208
i2
0 208 -8
i0
-73 116 157
i1
0 -8 208
i2
0 208 -8
i0
-74 117 157
i1
0 -8 208
i2
0 208 -8
i0
-75 118 158
i1
0 -9 209
i2
0 209 -9
i0
-77 119 158
i1
0 -9 209
i2
0 209 -9
i0
-78 120 158
i1
0 -10 210
i2
0 210 -10
i0
-79 121 158
i1
0 -10 210
i2
0 210 -10
i0
-80 122 158
i1
0 -10 210
i2
0 210 -10
i0
-81 123 158
i1
0 -11 211
i2
0 211 -11
i0
-83 124 158
i1
0 -11 211
i2
0 211 -11
i0
-84 126 158
i1
0 -12 212
i2
0 212 -12
i0
-85 127 158
i1
0 -12 212
i2
0 212 -12
i0
-86 128 159
i1
0 -12 212
i2
0 212 -12
i0
-88 129 159
i1
0 -13 213
i2
0 213 -13
i0
-89 130 159
i1
0 -13 213
i2
0 213 -13
i0
-90 131 159
i1
0 -13 213
i2
0 213 -13
i0
-91 132 159
i1
0 -14 214
i2
0 214 -14
i0
-92 133 159
i1
0 -14 214
i2
0 214 -14
i0
-94 135 159
i1
0 -15 215
i2
0 215 -15
i0
-95 136 159
i1
0 -15 215
i2
0 215 -15
i0
-96 137 159
i1
0 -15 215
i2
0 215 -15
i0
-97 138 159
i1
0 -16 216
i2
0 216 -16
i0
-98 139 159
i1
0 -16 216
i2
0 216 -16
i0
-100 140 159
i1
0 -16 216
i2
0 216 -16
i0
-101 141 159
i1
0 -17 217
i2
0 217 -17
i0
-102 143 159
i1
0 -17 217
i2
0 217 -17
i0
-103 144 159
i1
0 -17 217
i2
0 217 -17
i0
-104 145 159
i1
0 -18 218
i2
0 218 -18
i0
-105 146 159
i1
0 -18 218
i2
0 218 -18
i0
-107 147 159
i1
0 -18 218
i2
0 218 -18
i0
-108 148 159
i1
0 -19 219
i2
0 219 -19
i0
-109 150 159
i1
0 -19 219
i2
0 219 -19
i0
-110 151 159
i1
0 -19 219
i2
0 219 -19
i0
-111 152 159
i1
0 -20 220
i2
0 220 -20
i0
-112 153 159
i1
0 -20 220
i2
0 220 -20
i0
-114 154 159
i1
0 -20 220
i2
0 220 -20
i0
-115 156 159
i1
0 -20 220
i2
0 220 -20
i0
-116 157 159
i1
0 -21 221
i2
0 221 -21
i0
-117 158 159
i1
0 -21 221
i2
0 221 -21
i0
-118 159 159
i1
0 -21 221
i2
0 221 -21
i0
-119 160 159
i1
0 -22 222
i2
0 222 -22
i0
-120 161 159
i1
0 -22 222
i2
0 222 -22
i0
-122 163 159
i1
0 -22 222
i2
0 222 -22
i0
-123 164 159
i1
0 -23 223
i2
0 223 -23
i0
-124 165 159
i1
0 -23 223
i2
0 223 -23
i0
-125 166 159
i1
0 -23 223
i2
0 223 -23
i0
-126 167 159
i1
0 -23 223
i2
0 223 -23
i0
-127 169 159
i1
0 -24 224
i2
0 224 -24
i0
-128 170 159
i1
0 -24 224
i2
0 224 -24
i0
-129 171 158
i1
0 -24 224
i2
0 224 -24
i0
-131 172 158
i1
0 -25 225
i2
0 225 -25
i0
-132 173 158
i1
0 -25 225
i2
0 225 -25
i0
-133 175 158
i1
0 -25 225
i2
0 225 -25
i0
-134 176 158
i1
0 -25 225
i2
0 225 -25
i0
-135 177 158
i1
0 -26 226
i2
0 226 -26
i0
-136 178 158
i1
0 -26 226
i2
0 226 -26
i0
-137 179 158
i1
0 -26 226
i2
0 226 -26
i0
-138 181 158
i1
0 -26 226
i2
0 226 -26
i0
-139 182 157
i1
0 -27 227
i2
0 227 -27
i0
-140 183 157
i1
0 -27 227
i2
0 227 -27
i0
-141 184 157
i1
0 -27 227
i2
0 227 -27
i0
-142 185 157
i1
0 -27 227
i2
0 227 -27
i0
-144 187 157
i1
0 -28 228
i2
0 228 -28
i0
-145 188 157
i1
0 -28 228
i2
0 228 -28
i0
-146 189 157
i1
0 -28 228
i2
0 228 -28
i0
-147 190 156
i1
0 -28 228
i2
0 228 -28
i0
-148 192 156
i1
0 -28 228
i2
0 228 -28
i0
-149 193 156
i1
0 -29 229
i2
0 229 -29
i0
-150 194 156
i1
0 -29 229
i2
0 229 -29
i0
-151 195 156
i1
0 -29 229
i2
0 229 -29
i0
-152 196 156
i1
0 -29 229
i2
0 229 -29
i0
-153 198 155
i1
0 -30 230
i2
0 230 -30
i0
-154 199 155
i1
0 -30 230
i2
0 230 -30
i0
-155 200 155
i1
0 -30 230
i2
0 230 -30
i0
-156 201 155
i1
0 -30 230
i2
0 230 -30
i0
-157 203 155
i1
0 -30 230
i2
0 230 -30
i0
-158 204 154
i1
0 -31 231
i2
0 231 -31
i0
-159 205 154
i1
0 -31 231
i2
0 231 -31
i0
-160 206 154
i1
0 -31 231
i2
0 231 -31
i0
-161 207 154
i1
0 -31 231
i2
0 231 -31
i0
-162 209 153
i1
0 -31 231
i2
0 231 -31
i0
-163 210 153
i1
0 -32 232
i2
0 232 -32
i0
-164 211 153
i1
0 -32 232
i2
0 232 -32
i0
-165 212 153
i1
0 -32 232
i2
0 232 -32
i0
-166 214 153
i1
0 -32 232
i2
0 232 -32
i0
-167 215 152
i1
0 -32 232
i2
0 232 -32
i0
-168 216 152
i1
0 -32 232
i2
0 232 -32
i0
-169 217 152
i1
0 -33 233
i2
0 233 -33
i0
-170 219 152
i1
0 -33 233
i2
0 233 -33
i0
-171 220 151
i1
0 -33 233
i2
0 233 -33
i0
-172 221 151
i1
0 -33 233
i2
0 233 -33
i0
-173 222 151
i1
0 -33 233
i2
0 233 -33
i0
-174 223 150
i1
0 -33 233
i2
0 233 -33
i0
-175 225 150
i1
0 -34 234
i2
0 234 -34
i0
-176 226 150
i1
0 -34 234
i2
0 234 -34
i0
-177 227 150
i1
0 -34 234
i2
0 234 -34
i0
-178 228 149
i1
0 -34 234
i2
0 234 -34
i0
-179 230 149
i1
0 -34 234
i2
0 234 -34
i0
-180 231 149
i1
0 -34 234
i2
0 234 -34
i0
-181 232 148
i1
0 -34 234
i2
0 234 -34
i0
-181 233 148
i1
0 -35 235
i2
0 235 -35
i0
-182 235 148
i1
0 -35 235
i2
0 235 -35
i0
-183 236 148
i1
0 -35 235
i2
0 235 -35
i0
-184 237 147
i1
0 -35 235
i2
0 235 -35
i0
-185 238 147
i1
0 -35 235
i2
0 235 -35
i0
-186 239 147
i1
0 -35 235
i2
0 235 -35
i0
-187 241 146
i1
0 -35 235
i2
0 235 -35
i0
-188 242 146
i1
0 -36 236
i2
0 236 -36
i0
-189 243 146
i1
0 -36 236
i2
0 236 -36
i0
-190 244 145
i1
0 -36 236
i2
0 236 -36
i0
-191 246 145
i1
0 -36 236
i2
0 236 -36
i0
-191 247 145
i1
0 -36 236
i2
0 236 -36
i0
-192 248 144
i1
0 -36 236
i2
0 236 -36
i0
-193 249 144
i1
0 -36 236
i2
0 236 -36
i0
-194 251 144
i1
0 -36 236
i2
0 236 -36
i0
-195 252 143
i1
0 -36 236
i2
0 236 -36
i0
-196 253 143
i1
0 -37 237
i2
0 237 -37
i0
-197 254 142
i1
0 -37 237
i2
0 237 -37
i0
-198 256 142
i1
0 -37 237
i2
0 237 -37
i0
-198 257 142
i1
0 -37 237
i2
0 237 -37
i0
-199 258 141
i1
0 -37 237
i2
0 237 -37
i0
-200 259 141
i1
0 -37 237
i2
0 237 -37
i0
-201 260 141
i1
0 -37 237
i2
0 237 -37
i0
-202 262 140
i1
0 -37 237
i2
0 237 -37
i0
-203 263 140
i1
0 -37 237
i2
0 237 -37
i0
-204 264 139
i1
0 -37 237
i2
0 237 -37
i0
-204 265 139
i1
0 -37 237
i2
0 237 -37
i0
-205 267 139
i1
0 -37 237
i2
0 237 -37
i0
-206 268 138
i1
0 -38 238
i2
0 238 -38
i0
-207 269 138
i1
0 -38 238
i2
0 238 -38
i0
-208 270 137
i1
0 -38 238
i2
0 238 -38
i0
-209 271 137
i1
0 -38 238
i2
0 238 -38
i0
-209 273 137
i1
0 -38 238
i2
0 238 -38
i0
-210 274 136
i1
0 -38 238
i2
0 238 -38
i0
-211 275 136
i1
0 -38 238
i2
0 238 -38
i0
-212 276 135
i1
0 -38 238
i2
0 238 -38
i0
-213 278 135
i1
0 -38 238
i2
0 238 -38
i0
-213 279 135
i1
0 -38 238
i2
0 238 -38
i0
-214 280 134
i1
0 -38 238
i2
0 238 -38
i0
-215 281 134
i1
0 -38 238
i2
0 238 -38
i0
-216 282 133
i1
0 -38 238
i2
0 238 -38
i0
-216 284 133
i1
0 -38 238
i2
0 238 -38
i0
-217 285 132
i1
0 -38 238
i2
0 238 -38
i0
-218 286 132
i1
0 -38 238
i2
0 238 -38
i0
-219 287 131
i1
0 -38 238
i2
0 238 -38
i0
-220 289 131
i1
0 -38 238
i2
0 238 -38
i0
-220 290 131
i1
0 -38 238
i2
0 238 -38
i0
-221 291 130
i1
0 -38 238
i2
0 238 -38
i0
-222 292 130
i1
0 -38 238
i2
0 238 -38
i0
-223 293 129
i1
0 -38 238
i2
0 238 -38
i0
-223 295 129
i1
0 -38 238
i2
0 238 -38
i0
-224 296 128
i1
0 -39 239
i2
0 239 -39
i0
-225 297 128
i1
0 -39 239
i2
0 239 -39
i0
-226 298 127
i1
0 -39 239
i2
0 239 -39
i0
-226 299 127
i1
0 -39 239
i2
0 239 -39
i0
-227 301 126
i1
0 -39 239
i2
0 239 -39
i0
-228 302 126
i1
0 -39 239
i2
0 239 -39
i0
-228 303 125
i1
0 -39 239
i2
0 239 -39
i0
-229 304 125
i1
0 -39 239
i2
0 239 -39
i0
-230 305 124
i1
0 -39 239
i2
0 239 -39
i0
-231 307 124
i1
0 -39 239
i2
0 239 -39
i0
-231 308 123
i1
0 -39 239
i2
0 239 -39
i0
-232 309 123
i1
0 -39 239
i2
0 239 -39
i0
-233 310 122
i1
0 -39 239
i2
0 239 -39
i0
-233 311 122
i1
0 -38 238
i2
0 238 -38
i0
-234 313 121
i1
0 -38 238
i2
0 238 -38
i0
-235 314 121
i1
0 -38 238
i2
0 238 -38
i0
-235 315 120
i1
0 -38 238
i2
0 238 -38
i0
-236 316 120
i1
0 -38 238
i2
0 238 -38
i0
-237 317 119
i1
0 -38 238
i2
0 238 -38
i0
-237 319 119
i1
0 -38 238
i2
0 238 -38
i0
-238 320 118
i1
0 -38 238
i2
0 238 -38
i0
-239 321 118
i1
0 -38 238
i2
0 238 -38
i0
-239 322 117
i1
0 -38 238
i2
0 238 -38
i0
-240 323 117
i1
0 -38 238
i2
0 238 -38
i0
-241 325 116
i1
0 -38 238
i2
0 238 -38
i0
-241 326 116
i1
0 -38 238
i2
0 238 -38
i0
-242 327 115
i1
0 -38 238
i2
0 238 -38
i0
-243 328 115
i1
0 -38 238
i2
0 238 -38
i0
-243 329 114
i1
0 -38 238
i2
0 238 -38
i0
-244 330 114
i1
0 -38 238
i2
0 238 -38
i0
-245 332 113
i1
0 -38 238
i2
0 238 -38
i0
-245 333 113
i1
0 -38 238
i2
0 238 -38
i0
-246 334 112
i1
0 -38 238
i2
0 238 -38
i0
-247 335 111
i1
0 -38 238
i2
0 238 -38
i0
-247 336 111
i1
0 -38 238
i2
0 238 -38
i0
-248 337 110
i1
0 -38 238
i2
0 238 -38
i0
-248 339 110
i1
0 -37 237
i2
0 237 -37
i0
-249 340 109
i1
0 -37 237
i2
0 237 -37
i0
-250 341 109
i1
0 -37 237
i2
0 237 -37
i0
-250 342 108
i1
0 -37 237
i2
0 237 -37
i0
-251 343 108
i1
0 -37 237
i2
0 237 -37
i0
-251 344 107
i1
0 -37 237
i2
0 237 -37
i0
-252 346 106
i1
0 -37 237
i2
0 237 -37
i0
-253 347 106
i1
0 -37 237
i2
0 237 -37
i0
-253 348 105
i1
0 -37 237
i2
0 237 -37
i0
-254 349 105
i1
0 -37 237
i2
0 237 -37
i0
-254 350 104
i1
0 -37 237
i2
0 237 -37
i0
-255 351 104
i1
0 -37 237
i2
0 237 -37
i0
-255 352 103
i1
0 -36 236
i2
0 236 -36
i0
-256 354 102
i1
0 -36 236
i2
0 236 -36
i0
-257 355 102
i1
0 -36 236
i2
0 236 -36
i0
-257 356 101
i1
0 -36 236
i2
0 236 -36
i0
-258 357 101
i1
0 -36 236
i2
0 236 -36
i0
-258 358 100
i1
0 -36 236
i2
0 236 -36
i0
-259 359 99
i1
0 -36 236
i2
0 236 -36
i0
-259 360 99
i1
0 -36 236
i2
0 236 -36
i0
-260 362 98
i1
0 -36 236
i2
0 236 -36
i0
-260 363 98
i1
0 -35 235
i2
0 235 -35
i0
-261 364 97
i1
0 -35 235
i2
0 235 -35
i0
-262 365 97
i1
0 -35 235
i2
0 235 -35
i0
-262 366 96
i1
0 -35 235
i2
0 235 -35
i0
-263 367 95
i1
0 -35 235
i2
0 235 -35
i0
-263 368 95
i1
0 -35 235
i2
0 235 -35
i0
-264 370 94
i1
0 -35 235
i2
0 235 -35
i0
-264 371 93
i1
0 -34 234
i2
0 234 -34
i0
-265 372 93
i1
0 -34 234
i2
0 234 -34
i0
-265 373 92
i1
0 -34 234
i2
0 234 -34
i0
-266 374 92
i1
0 -34 234
i2
0 234 -34
i0
-266 375 91
i1
0 -34 234
i2
0 234 -34
i0
-267 376 90
i1
0 -34 234
i2
0 234 -34
i0
-267 377 90
i1
0 -34 234
i2
0 234 -34
i0
-268 378 89
i1
0 -33 233
i2
0 233 -33
i0
-268 380 89
i1
0 -33 233
i2
0 233 -33
i0
-269 381 88
i1
0 -33 233
i2
0 233 -33
i0
-269 382 87
i1
0 -33 233
i2
0 233 -33
i0
-270 383 87
i1
0 -33 233
i2
0 233 -33
i0
-270 384 86
i1
0 -33 233
i2
0 233 -33
i0
-271 385 85
i1
0 -32 232
i2
0 232 -32
i0
-271 386 85
i1
0 -32 232
i2
0 232 -32
i0
-271 387 84
i1
0 -32 232
i2
0 232 -32
i0
-272 388 84
i1
0 -32 232
i2
0 232 -32
i0
-272 389 83
i1
0 -32 232
i2
0 232 -32
i0
-273 391 82
i1
0 -32 232
i2
0 232 -32
i0
-273 392 82
i1
0 -31 231
i2
0 231 -31
i0
-274 393 81
i1
0 -31 231
i2
0 231 -31
i0
-274 394 80
i1
0 -31 231
i2
0 231 -31
i0
-275 395 80
i1
0 -31 231
i2
0 231 -31
i0
-275 396 79
i1
0 -31 231
i2
0 231 -31
i0
-276 397 78
i1
0 -30 230
i2
0 230 -30
i0
-276 398 78
i1
0 -30 230
i2
0 230 -30
i0
-276 399 77
i1
0 -30 230
i2
0 230 -30
i0
-277 400 77
i1
0 -30 230
i2
0 230 -30
i0
-277 401 76
i1
0 -30 230
i2
0 230 -30
i0
-278 402 75
i1
0 -29 229
i2
0 229 -29
i0
-278 403 75
i1
0 -29 229
i2
0 229 -29
i0
-278 405 74
i1
0 -29 229
i2
0 229 -29
i0
-279 406 73
i1
0 -29 229
i2
0 229 -29
i0
-279 407 73
i1
0 -28 228
i2
0 228 -28
i0
-280 408 72
i1
0 -28 228
i2
0 228 -28
i0
-280 409 71
i1
0 -28 228
i2
0 228 -28
i0
-281 410 71
i1
0 -28 228
i2
0 228 -28
i0
-281 411 70
i1
0 -28 228
i2
0 228 -28
i0
-281 412 69
i1
0 -27 227
i2
0 227 -27
i0
-282 413 69
i1
0 -27 227
i2
0 227 -27
i0
-282 414 68
i1
0 -27 227
i2
0 227 -27
i0
-282 415 67
i1
0 -27 227
i2
0 227 -27
i0
-283 416 67
i1
0 -26 226
i2
0 226 -26
i0
-283 417 66
i1
0 -26 226
i2
0 226 -26
i0
-284 418 65
i1
0 -26 226
i2
0 226 -26
i0
-284 419 65
i1
0 -26 226
i2
0 226 -26
i0
-284 420 64
i1
0 -25 225
i2
0 225 -25
i0
-285 421 63
i1
0 -25 225
i2
0 225 -25
i0
-285 422 63
i1
0 -25 225
i2
0 225 -25
i0
-285 423 62
i1
0 -25 225
i2
0 225 -25
i0
-286 424 61
i1
0 -24 224
i2
0 224 -24
i0
-286 425 61
i1
0 -24 224
i2
0 224 -24
i0
-286 426 60
i1
0 -24 224
i2
0 224 -24
i0
-287 427 59
i1
0 -23 223
i2
0 223 -23
i0
-287 428 59
i1
0 -23 223
i2
0 223 -23
i0
-288 429 58
i1
0 -23 223
i2
0 223 -23
i0
-288 430 57
i1
0 -23 223
i2
0 223 -23
i0
-288 431 57
i1
0 -22 222
i2
0 222 -22
i0
-289 432 56
i1
0 -22 222
i2
0 222 -22
i0
-289 433 55
i1
0 -22 222
i2
0 222 -22
i0
-289 434 55
i1
0 -21 221
i2
0 221 -21
i0
-290 435 54
i1
0 -21 221
i2
0 221 -21
i0
-290 436 53
i1
0 -21 221
i2
0 221 -21
i0
-290 437 53
i1
0 -21 221
i2
0 221 -21
i0
-290 438 52
i1
0 -20 220
i2
0 220 -20
i0
-291 439 51
i1
0 -20 220
i2
0 220 -20
i0
-291 440 51
i1
0 -20 220
i2
0 220 -20
i0
-291 441 50
i1
0 -19 219
i2
0 219 -19
i0
-292 442 49
i1
0 -19 219
i2
0 219 -19
i0
-292 443 49
i1
0 -19 219
i2
0 219 -19
i0
-292 444 48
i1
0 -18 218
i2
0 218 -18
i0
-293 445 47
i1
0 -18 218
i2
0 218 -18
i0
-293 446 47
i1
0 -18 218
i2
0 218 -18
i0
-293 447 46
i1
0 -17 217
i2
0 217 -17
i0
-293 448 45
i1
0 -17 217
i2
0 217 -17
i0
-294 449 44
i1
0 -17 217
i2
0 217 -17
i0
-294 450 44
i1
0 -16 216
i2
0 216 -16
i0
-294 451 43
i1
0 -16 216
i2
0 216 -16
i0
-295 452 42
i1
0 -16 216
i2
0 216 -16
i0
-295 453 42
i1
0 -15 215
i2
0 215 -15
i0
-295 454 41
i1
0 -15 215
i2
0 215 -15
i0
-295 455 40
i1
0 -15 215
i2
0 215 -15
i0
-296 456 40
i1
0 -14 214
i2
0 214 -14
i0
-296 457 39
i1
0 -14 214
i2
0 214 -14
i0
-296 458 38
i1
0 -14 214
i2
0 214 -14
i0
-296 459 38
i1
0 -13 213
i2
0 213 -13
i0
-297 460 37
i1
0 -13 213
i2
0 213 -13
i0
-297 461 36
i1
0 -12 212
i2
0 212 -12
i0
-297 462 35
i1
0 -12 212
i2
0 212 -12
i0
-297 463 35
i1
0 -12 212
i2
0 212 -12
i0
-298 464 34
i1
0 -11 211
i2
0 211 -11
i0
-298 465 33
i1
0 -11 211
i2
0 211 -11
i0
-298 466 33
i1
0 -10 210
i2
0 210 -10
i0
-298 466 32
i1
0 -10 210
i2
0 210 -10
i0
-299 467 31
i1
0 -10 210
i2
0 210 -10
i0
-299 468 31
i1
0 -9 209
i2
0 209 -9
i0
-299 469 30
i1
0 -9 209
i2
0 209 -9
i0
-299 470 29
i1
0 -9 209
i2
0 209 -9
i0
-300 471 29
i1
0 -8 208
i2
0 208 -8
i0
-300 472 28
i1
0 -8 208
i2
0 208 -8
i0
-300 473 27
i1
0 -7 207
i2
0 207 -7
i0
-300 474 26
i1
0 -7 207
i2
0 207 -7
i0
-300 475 26
i1
0 -6 206
i2
0 206 -6
i0
-301 476 25
i1
0 -6 206
i2
0 206 -6
i0
-301 477 24
i1
0 -6 206
i2
0 206 -6
i0
-301 477 24
i1
0 -5 205
i2
0 205 -5
i0
-301 478 23
i1
0 -5 205
i2
0 205 -5
i0
-302 479 22
i1
0 -4 204
i2
0 204 -4
i0
-302 480 22
i1
0 -4 204
i2
0 204 -4
i0
-302 481 21
i1
0 -3 203
i2
0 203 -3
i0
-302 482 20
i1
0 -3 203
i2
0 203 -3
i0
-302 483 19
i1
0 -3 203
i2
0 203 -3
i0
-303 484 19
i1
0 -2 202
i2
0 202 -2
i0
-303 485 18
i1
0 -2 202
i2
0 202 -2
i0
-303 486 17
i1
0 -1 201
i2
0 201 -1
i0
-303 486 17
i1
0 -1 201
i2
0 201 -1
i0
-303 487 16
i1
0 -0 200
i2
0 200 -0
i0
-303 488 15
i1
0 0 200
i2
0 200 0
i0
-304 489 15
i1
0 1 199
i2
0 199 1
i0
-304 490 14
i1
0 1 199
i2
0 199 1
i0
-304 491 13
i1
0 2 198
i2
0 198 2
i0
-304 492 12
i1
0 2 198
i2
0 198 2
i0
-304 493 12
i1
0 3 197
i2
0 197 3
i0
-304 493 11
i1
0 3 197
i2
0 197 3
i0
-305 494 10
i1
0 4 196
i2
0 196 4
i0
-305 495 10
i1
0 4 196
i2
0 196 4
i0
-305 496 9
i1
0 5 195
i2
0 195 5
i0
-305 497 8
i1
0 5 195
i2
0 195 5
i0
-305 498 8
i1
0 6 194
i2
0 194 6
i0
-305 499 7
i1
0 6 194
i2
0 194 6
i0
-306 499 6
i1
0 7 193
i2
0 193 7
i0
-306 500 5
i1
0 7 193
i2
0 193 7
i0
-306 501 5
i1
0 8 192
i2
0 192 8
i0
-306 502 4
i1
0 8 192
i2
0 192 8
i0
-306 503 3
i1
0 9 191
i2
0 191 9
i0
-306 504 3
i1
0 9 191
i2
0 191 9
i0
-306 505 2
i1
0 10 190
i2
0 190 10
i0
-307 505 1
i1
0 10 190
i2
0 190 10
i0
-307 506 1
i1
0 11 189
i2
0 189 11
i0
-307 507 -0
i1
0 11 189
i2
0 189 11
i0
-307 508 -1
i1
0 12 188
i2
0 188 12
i0
-307 509 -2
i1
0 12 188
i2
0 188 12
i0
-307 510 -2
i1
0 13 187
i2
0 187 13
i0
-307 510 -3
i1
0 14 186
i2
0 186 14
i0
-307 511 -4
i1
0 14 186
i2
0 186 14
i0
-308 512 -4
i1
0 15 185
i2
0 185 15
i0
-308 513 -5
i1
0 15 185
i2
0 185 15
i0
-308 514 -6
i1
0 16 184
i2
0 184 16
i0
-308 514 -7
i1
0 16 184
i2
0 184 16
i0
-308 515 -7
i1
0 17 183
i2
0 183 17
i0
-308 516 -8
i1
0 18 182
i2
0 182 18
i0
-308 517 -9
i1
0 18 182
i2
0 182 18
i0
-308 518 -9
i1
0 19 181
i2
0 181 19
i0
-308 518 -10
i1
0 19 181
i2
0 181 19
i0
-309 519 -11
i1
0 20 180
i2
0 180 20
i0
-309 520 -11
i1
0 21 179
i2
0 179 21
i0
-309 521 -12
i1
0 21 179
i2
0 179 21
i0
-309 522 -13
i1
0 22 178
i2
0 178 22
i0
-309 522 -14
i1
0 22 178
i2
0 178 22
i0
-309 523 -14
i1
0 23 177
i2
0 177 23
i0
-309 524 -15
i1
0 24 176
i2
0 176 24
i0
-309 525 -16
i1
0 24 176
i2
0 176 24
i0
-309 526 -16
i1
0 25 175
i2
0 175 25
i0
-309 526 -17
i1
0 26 174
i2
0 174 26
i0
-309 527 -18
i1
0 26 174
i2
0 174 26
i0
-310 528 -18
i1
0 27 173
i2
0 173 27
i0
-310 529 -19
i1
0 28 172
i2
0 172 28
i0
-310 529 -20
i1
0 28 172
i2
0 172 28
i0
-310 530 -20
i1
0 29 171
i2
0 171 29
i0
-310 531 -21
i1
0 30 170
i2
0 170 30
i0
-310 532 -22
i1
0 30 170
i2
0 170 30
i0
-310 533 -23
i1
0 31 169
i2
0 169 31
i0
-310 533 -23
i1
0 32 168
i2
0 168 32
i0
-310 534 -24
i1
0 32 168
i2
0 168 32
i0
-310 535 -25
i1
0 33 167
i2
0 167 33
i0
-310 536 -25
i1
0 34 166
i2
0 166 34
i0
-310 536 -26
i1
0 34 166
i2
0 166 34
i0
-310 537 -27
i1
0 35 165
i2
0 165 35
i0
-310 538 -27
i1
0 36 164
i2
0 164 36
i0
-310 539 -28
i1
0 36 164
i2
0 164 36
i0
-311 539 -29
i1
0 37 163
i2
0 163 37
i0
-311 540 -30
i1
0 38 162
i2
0 162 38
i0
-311 541 -30
i1
0 39 161
i2
0 161 39
i0
-311 542 -31
i1
0 39 161
i2
0 161 39
i0
-311 542 -32
i1
0 40 160
i2
0 160 40
i0
-311 543 -32
i1
0 41 159
i2
0 159 41
i0
-311 544 -33
i1
0 42 158
i2
0 158 42
i0
-311 545 -34
i1
0 42 158
i2
0 158 42
i0
-311 545 -34
i1
0 43 157
i2
0 157 43
i0
-311 546 -35
i1
0 44 156
i2
0 156 44
i0
-311 547 -36
i1
0 45 155
i2
0 155 45
i0
-311 547 -36
i1
0 46 154
i2
0 154 46
i0
-311 548 -37
i1
0 46 154
i2
0 154 46
i0
-311 549 -38
i1
0 47 153
i2
0 153 47
i0
-311 550 -38
i1
0 48 152
i2
0 152 48
i0
-311 550 -39
i1
0 49 151
i2
0 151 49
i0
-311 551 -40
i1
0 50 150
i2
0 150 50
i0
-311 552 -41
i1
0 50 150
i2
0 150 50
i0
-311 552 -41
i1
0 51 149
i2
0 149 51
i0
-311 553 -42
i1
0 52 148
i2
0 148 52
i0
-311 554 -43
i1
0 53 147
i2
0 147 53
i0
-311 555 -43
i1
0 54 146
i2
0 146 54
i0
-311 555 -44
i1
0 55 145
i2
0 145 55
i0
-311 556 -45
i1
0 55 145
i2
0 145 55
i0
-311 557 -45
i1
0 56 144
i2
0 144 56
i0
-311 557 -46
i1
0 57 143
i2
0 143 57
i0
-311 558 -47
i1
0 58 142
i2
0 142 58
i0
-311 559 -47
i1
0 59 141
i2
0 141 59
i0
-311 559 -48
i1
0 60 140
i2
0 140 60
i0
-311 560 -49
i1
0 61 139
i2
0 139 61
i0
-311 561 -49
i1
0 62 138
i2
0 138 62
i0
-311 561 -50
i1
0 63 137
i2
0 137 63
i0
-311 562 -51
i1
0 64 136
i2
0 136 64
i0
-311 563 -51
i1
0 65 135
i2
0 135 65
i0
-311 563 -52
i1
0 66 134
i2
0 134 66
i0
-311 564 -53
i1
0 66 134
i2
0 134 66
i0
-311 565 -53
i1
0 67 133
i2
0 133 67
i0
-311 566 -54
i1
0 68 132
i2
0 132 68
i0
-311 566 -55
i1
0 69 131
i2
0 131 69
i0
-311 567 -55
i1
0 70 130
i2
0 130 70
i0
-311 568 -56
i1
0 71 129
i2
0 129 71
i0
-311 568 -57
i1
0 73 127
i2
0 127 73
i0
-311 569 -57
i1
0 74 126
i2
0 126 74
i0
-311 569 -58
i1
0 75 125
i2
0 125 75
i0
-311 570 -59
i1
0 76 124
i2
0 124 76
i0
-311 571 -60
i1
0 77 123
i2
0 123 77
i0
-311 571 -60
i1
0 78 122
i2
0 122 78
i0
-311 572 -61
i1
0 79 121
i2
0 121 79
i0
-311 573 -62
i1
0 80 120
i2
0 120 80
i0
-311 573 -62
i1
0 81 119
i2
0 119 81
i0
-311 574 -63
i1
0 82 118
i2
0 118 82
i0
-311 575 -64
i1
0 84 116
i2
0 116 84
i0
-311 575 -64
i1
0 85 115
i2
0 115 85
i0
-311 576 -65
i1
0 86 114
i2
0 114 86
i0
-311 577 -66
i1
0 87 113
i2
0 113 87
i0
-311 577 -66
i1
0 89 111
i2
0 111 89
i0
-311 578 -67
i1
0 90 110
i2
0 110 90
i0
-311 579 -68
i1
0 91 109
i2
0 109 91
i0
-311 579 -68
i1
0 93 107
i2
0 107 93
i0
-311 580 -69
i1
0 94 106
i2
0 106 94
i0
-311 580 -70
i1
0 95 105
i2
0 105 95
i0
-311 581 -70
i1
0 97 103
i2
0 103 97
i0
-311 582 -71
i1
0 99 101
i2
0 101 99
i0
-311 582 -71
i1
0 101 99
i2
0 99 101
i0
-311 583 -72
i1
0 102 98
i2
0 98 102
i0
-311 584 -73
i1
0 103 97
i2
0 97 103
i0
-311 584 -73
i1
0 104 96
i2
0 96 104
i0
-311 585 -74
i1
0 105 95
i2
0 95 105
i0
-311 585 -75
i1
0 106 94
i2
0 94 106
i0
-311 586 -75
i1
0 107 93
i2
0 93 107
i0
-311 587 -76
i1
0 108 92
i2
0 92 108
i0
-310 587 -77
i1
0 109 91
i2
0 91 109
i0
-310 588 -77
i1
0 110 90
i2
0 90 110
i0
-310 588 -78
i1
0 111 89
i2
0 89 111
i0
-310 589 -79
i1
0 111 89
i2
0 89 111
i0
-310 590 -79
i1
0 112 88
i2
0 88 112
i0
-310 590 -80
i1
0 113 87
i2
0 87 113
i0
-310 591 -81
i1
0 113 87
i2
0 87 113
i0
-310 591 -81
i1
0 114 86
i2
0 86 114
i0
-310 592 -82
i1
0 115 85
i2
0 85 115
i0
-310 593 -83
i1
0 115 85
i2
0 85 115
i0
-310 593 -83
i1
0 116 84
i2
0 84 116
i0
-310 594 -84
i1
0 116 84
i2
0 84 116
i0
-310 594 -85
i1
0 117 83
i2
0 83 117
i0
-310 595 -85
i1
0 117 83
i2
0 83 117
i0
-310 596 -86
i1
0 118 82
i2
0 82 118
i0
-310 596 -86
i1
0 118 82
i2
0 82 118
i0
-310 597 -87
i1
0 119 81
i2
0 81 119
i0
-310 597 -88
i1
0 119 81
i2
0 81 119
i0
-309 598 -88
i1
0 120 80
i2
0 80 120
i0
-309 598 -89
i1
0 120 80
i2
0 80 120
i0
-309 599 -90
i1
0 120 80
i2
0 80 120
i0
-309 600 -90
i1
0 121 79
i2
0 79 121
i0
-309 600 -91
i1
0 121 79
i2
0 79 121
i0
-309 601 -92
i1
0 121 79
i2
0 79 121
i0
-309 601 -92
i1
0 122 78
i2
0 78 122
i0
-309 602 -93
i1
0 122 78
i2
0 78 122
i0
-309 602 -94
i1
0 122 78
i2
0 78 122
i0
-309 603 -94
i1
0 123 77
i2
0 77 123
i0
-309 604 -95
i1
0 123 77
i2
0 77 123
i0
-309 604 -95
i1
0 123 77
i2
0 77 123
i0
-309 605 -96
i1
0 123 77
i2
0 77 123
i0
-309 605 -97
i1
0 123 77
i2
0 77 123
i0
-308 606 -97
i1
0 124 76
i2
0 76 124
i0
-308 606 -98
i1
0 124 76
i2
0 76 124
i0
-308 607 -99
i1
0 124 76
i2
0 76 124
i0
-308 607 -99
i1
0 124 76
i2
0 76 124
i0
-308 608 -100
i1
0 124 76
i2
0 76 124
i0
-308 609 -100
i1
0 124 76
i2
0 76 124
i0
-308 609 -101
i1
0 125 75
i2
0 75 125
i0
-308 610 -102
i1
0 125 75
i2
0 75 125
i0
-308 610 -102
i1
0 125 75
i2
0 75 125
i0
-308 611 -103
i1
0 125 75
i2
0 75 125
i0
-308 611 -104
i1
0 125 75
i2
0 75 125
i0
-308 612 -104
i1
0 125 75
i2
0 75 125
i0
-307 612 -105
i1
0 125 75
i2
0 75 125
i0
-307 613 -106
i1
0 125 75
i2
0 75 125
i0
-307 613 -106
i1
0 125 75
i2
0 75 125
i0
-307 614 -107
i1
0 125 75
i2
0 75 125
i0
-307 614 -107
i1
0 125 75
i2
0 75 125
i0
-307 615 -108
i1
0 125 75
i2
0 75 125
i0
-307 615 -109
i1
0 125 75
i2
0 75 125
i0
-307 616 -109
i1
0 125 75
i2
0 75 125
i0
-307 617 -110
i1
0 125 75
i2
0 75 125
i0
-307 617 -110
i1
0 125 75
i2
0 75 125
i0
-306 618 -111
i1
0 124 76
i2
0 76 124
i0
-306 618 -112
i1
0 124 76
i2
0 76 124
i0
-306 619 -112
i1
0 124 76
i2
0 76 124
i0
-306 619 -113
i1
0 124 76
i2
0 76 124
i0
-306 620 -114
i1
0 124 76
i2
0 76 124
i0
-306 620 -114
i1
0 124 76
i2
0 76 124
i0
-306 621 -115
i1
0 124 76
i2
0 76 124
i0
-306 621 -115
i1
0 123 77
i2
0 77 123
i0
-306 622 -116
i1
0 123 77
i2
0 77 123
i0
-306 622 -117
i1
0 123 77
i2
0 77 123
i0
-305 623 -117
i1
0 123 77
i2
0 77 123
i0
-305 623 -118
i1
0 122 78
i2
0 78 122
i0
-305 624 -118
i1
0 122 78
i2
0 78 122
i0
-305 624 -119
i1
0 122 78
i2
0 78 122
i0
-305 625 -120
i1
0 122 78
i2
0 78 122
i0
-305 625 -120
i1
0 121 79
i2
0 79 121
i0
-305 626 -121
i1
0 121 79
i2
0 79 121
i0
-305 626 -121
i1
0 121 79
i2
0 79 121
i0
-305 627 -122
i1
0 120 80
i2
0 80 120
i0
-304 627 -123
i1
0 120 80
i2
0 80 120
i0
-304 628 -123
i1
0 119 81
i2
0 81 119
i0
-304 628 -124
i1
0 119 81
i2
0 81 119
i0
-304 629 -125
i1
0 119 81
i2
0 81 119
i0
-304 629 -125
i1
0 118 82
i2
0 82 118
i0
-304 630 -126
i1
0 118 82
i2
0 82 118
i0
-304 630 -126
i1
0 117 83
i2
0 83 117
i0
-304 630 -127
i1
0 117 83
i2
0 83 117
i0
-303 631 -128
i1
0 116 84
i2
0 84 116
i0
-303 631 -128
i1
0 116 84
i2
0 84 116
i0
-303 632 -129
i1
0 115 85
i2
0 85 115
i0
-303 632 -129
i1
0 114 86
i2
0 86 114
i0
-303 633 -130
i1
0 114 86
i2
0 86 114
i0
-303 633 -130
i1
0 113 87
i2
0 87 113
i0
-303 634 -131
i1
0 112 88
i2
0 88 112
i0
-303 634 -132
i1
0 112 88
i2
0 88 112
i0
-302 635 -132
i1
0 111 89
i2
0 89 111
i0
-302 635 -133
i1
0 110 90
i2
0 90 110
i0
-302 636 -133
i1
0 109 91
i2
0 91 109
i0
-302 636 -134
i1
0 109 91
i2
0 91 109
i0
-302 637 -135
i1
0 108 92
i2
0 92 108
i0
-302 637 -135
i1
0 107 93
i2
0 93 107
i0
-302 637 -136
i1
0 106 94
i2
0 94 106
i0
-301 638 -136
i1
0 105 95
i2
0 95 105
i0
-301 638 -137
i1
0 104 96
i2
0 96 104
i0
-301 639 -138
i1
0 103 97
i2
0 97 103
i0
-301 639 -138
i1
0 101 99
i2
0 99 101
i0
-301 640 -139
i1
0 100 100
i2
0 100 100
i0
-301 640 -139
i1
0 102 98
i2
0 98 102
i0
-301 641 -140
i1
0 104 96
i2
0 96 104
i0
-300 641 -140
i1
0 106 94
i2
0 94 106
i0
-300 641 -141
i1
0 108 92
i2
0 92 108
i0
-300 642 -142
i1
0 110 90
i2
0 90 110
i0
-300 642 -142
i1
0 111 89
i2
0 89 111
i0
-300 643 -143
i1
0 113 87
i2
0 87 113
i0
-300 643 -143
i1
0 115 85
i2
0 85 115
i0
-300 644 -144
i1
0 116 84
i2
0 84 116
i0
-299 644 -145
i1
0 118 82
i2
0 82 118
i0
-299 644 -145
i1
0 120 80
i2
0 80 120
i0
-299 645 -146
i1
0 121 79
i2
0 79 121
i0
-299 645 -146
i1
0 123 77
i2
0 77 123
i0
-299 646 -147
i1
0 125 75
i2
0 75 125
i0
-299 646 -147
i1
0 126 74
i2
0 74 126
i0
-299 647 -148
i1
0 128 72
i2
0 72 128
i0
-298 647 -149
i1
0 129 71
i2
0 71 129
i0
-298 647 -149
i1
0 131 69
i2
0 69 131
i0
-298 648 -150
i1
0 132 68
i2
0 68 132
i0
-298 648 -150
i1
0 134 66
i2
0 66 134
i0
-298 649 -151
i1
0 135 65
i2
0 65 135
i0
-298 649 -151
i1
0 137 63
i2
0 63 137
i0
-297 649 -152
i1
0 138 62
i2
0 62 138
i0
-297 650 -153
i1
0 140 60
i2
0 60 140
i0
-297 650 -153
i1
0 141 59
i2
0 59 141
i0
-297 651 -154
i1
0 143 57
i2
0 57 143
i0
-297 651 -154
i1
0 144 56
i2
0 56 144
i0
-297 651 -155
i1
0 146 54
i2
0 54 146
i0
-296 652 -155
i1
0 147 53
i2
0 53 147
i0
-296 652 -156
i1
0 149 51
i2
0 51 149
i0
-296 653 -156
i1
0 150 50
i2
0 50 150
i0
-296 653 -157
i1
0 151 49
i2
0 49 151
i0
-296 653 -158
i1
0 153 47
i2
0 47 153
i0
-296 654 -158
i1
0 154 46
i2
0 46 154
i0
-295 654 -159
i1
0 156 44
i2
0 44 156
i0
-295 655 -159
i1
0 157 43
i2
0 43 157
i0
-295 655 -160
i1
0 158 42
i2
0 42 158
i0
-295 655 -160
i1
0 160 40
i2
0 40 160
i0
-295 656 -161
i1
0 161 39
i2
0 39 161
i0
-295 656 -162
i1
0 163 37
i2
0 37 163
i0
-294 656 -162
i1
0 164 36
i2
0 36 164
i0
-294 657 -163
i1
0 165 35
i2
0 35 165
i0
-294 657 -163
i1
0 167 33
i2
0 33 167
i0
-294 658 -164
i1
0 168 32
i2
0 32 168
i0
-294 658 -164
i1
0 169 31
i2
0 31 169
i0
-294 658 -165
i1
0 171 29
i2
0 29 171
i0
-293 659 -165
i1
0 172 28
i2
0 28 172
i0
-293 659 -166
i1
0 173 27
i2
0 27 173
i0
-293 659 -166
i1
0 175 25
i2
0 25 175
i0
-293 660 -167
i1
0 176 24
i2
0 24 176
i0
-293 660 -168
i1
0 177 23
i2
0 23 177
i0
-292 661 -168
i1
0 179 21
i2
0 21 179
i0
-292 661 -169
i1
0 180 20
i2
0 20 180
i0
-292 661 -169
i1
0 181 19
i2
0 19 181
i0
-292 662 -170
i1
0 183 17
i2
0 17 183
i0
-292 662 -170
i1
0 184 16
i2
0 16 184
i0
-292 662 -171
i1
0 185 15
i2
0 15 185
i0
-291 663 -171
i1
0 187 13
i2
0 13 187
i0
-291 663 -172
i1
0 188 12
i2
0 12 188
i0
-291 663 -172
i1
0 189 11
i2
0 11 189
i0
-291 664 -173
i1
0 191 9
i2
0 9 191
i0
-291 664 -174
i1
0 192 8
i2
0 8 192
i0
-290 664 -174
i1
0 193 7
i2
0 7 193
i0
-290 665 -175
i1
0 194 6
i2
0 6 194
i0
-290 665 -175
i1
0 196 4
i2
0 4 196
i0
-290 666 -176
i1
0 197 3
i2
0 3 197
i0
-290 666 -176
i1
0 198 2
i2
0 2 198
i0
-289 666 -177
i1
0 199 1
i2
0 1 199
i0
-289 667 -177
i1
0 201 -1
i2
0 -1 201
i0
-289 667 -178
i1
0 202 -2
i2
0 -2 202
i0
-289 667 -178
i1
0 203 -3
i2
0 -3 203
i0
-289 668 -179
i1
0 204 -4
i2
0 -4 204
i0
-289 668 -179
i1
0 206 -6
i2
0 -6 206
i0
-288 668 -180
i1
0 207 -7
i2
0 -7 207
