i0
-0 -0 -0
i1
11117000 11117000 11250000
i2
-11113000 -11113000 -11113000
i0
-0 -0 -0
i1
11117000 11117000 11250000
i2
-11113000 -11113000 -11113000
i0
-0 -0 -0
i1
11117000 11117000 11250000
i2
-11113000 -11113000 -11113000
i0
-0 -0 -0
i1
11117000 11117000 11250000
i2
-11113000 -11113000 -11113000
i0
-1 -1 -1
i1
11117000 11117000 11250000
i2
-11113000 -11113000 -11113000
i0
-1 -1 -1
i1
11117000 11117000 11250000
i2
-11113000 -11113000 -11113000
i0
-1 -1 -1
i1
11116999 11116999 11249999
i2
-11112999 -11112999 -11112999
i0
-1 -1 -1
i1
11116999 11116999 11249999
i2
-11112999 -11112999 -11112999
i0
-2 -2 -2
i1
11116999 11116999 11249999
i2
-11112999 -11112999 -11112999
i0
-2 -2 -2
i1
11116999 11116999 11249999
i2
-11112999 -11112999 -11112999
i0
-3 -3 -3
i1
11116999 11116999 11249999
i2
-11112999 -11112999 -11112999
i0
-3 -3 -3
i1
11116998 11116998 11249998
i2
-11112998 -11112998 -11112998
i0
-4 -4 -4
i1
11116998 11116998 11249998
i2
-11112998 -11112998 -11112998
i0
-4 -4 -4
i1
11116998 11116998 11249998
i2
-11112998 -11112998 -11112998
i0
-5 -5 -5
i1
11116998 11116998 11249998
i2
-11112998 -11112998 -11112998
i0
-5 -5 -5
i1
11116997 11116997 11249997
i2
-11112997 -11112997 -11112997
i0
-6 -6 -6
i1
11116997 11116997 11249997
i2
-11112997 -11112997 -11112997
i0
-7 -7 -7
i1
11116997 11116997 11249997
i2
-11112997 -11112997 -11112997
i0
-8 -8 -8
i1
11116996 11116996 11249996
i2
-11112996 -11112996 -11112996
i0
-8 -8 -8
i1
11116996 11116996 11249996
i2
-11112996 -11112996 -11112996
i0
-9 -9 -9
i1
11116995 11116995 11249995
i2
-11112995 -11112995 -11112995
i0
-10 -10 -10
i1
11116995 11116995 11249995
i2
-11112995 -11112995 -11112995
i0
-11 -11 -11
i1
11116994 11116994 11249994
i2
-11112994 -11112994 -11112994
i0
-12 -12 -12
i1
11116994 11116994 11249994
i2
-11112994 -11112994 -11112994
i0
-13 -13 -13
i1
11116994 11116994 11249993
i2
-11112994 -11112994 -11112993
i0
-14 -14 -14
i1
11116993 11116993 11249993
i2
-11112993 -11112993 -11112993
i0
-15 -15 -15
i1
11116992 11116992 11249992
i2
-11112992 -11112992 -11112992
i0
-16 -16 -16
i1
11116992 11116992 11249992
i2
-11112992 -11112992 -11112992
i0
-17 -17 -17
i1
11116991 11116991 11249991
i2
-11112991 -11112991 -11112991
i0
-19 -19 -19
i1
11116991 11116991 11249991
i2
-11112991 -11112991 -11112991
i0
-20 -20 -20
i1
11116990 11116990 11249990
i2
-11112990 -11112990 -11112990
i0
-21 -21 -21
i1
11116989 11116989 11249989
i2
-11112989 -11112989 -11112989
i0
-22 -22 -22
i1
11116989 11116989 11249989
i2
-11112989 -11112989 -11112989
i0
-24 -24 -24
i1
11116988 11116988 11249988
i2
-11112988 -11112988 -11112988
i0
-25 -25 -25
i1
11116987 11116987 11249987
i2
-11112987 -11112987 -11112987
i0
-27 -27 -27
i1
11116987 11116987 11249987
i2
-11112987 -11112987 -11112987
i0
-28 -28 -28
i1
11116986 11116986 11249986
i2
-11112986 -11112986 -11112986
i0
-30 -30 -30
i1
11116985 11116985 11249985
i2
-11112985 -11112985 -11112985
i0
-31 -31 -31
i1
11116984 11116984 11249984
i2
-11112984 -11112984 -11112984
i0
-33 -33 -33
i1
11116984 11116984 11249984
i2
-11112984 -11112984 -11112984
i0
-34 -34 -34
i1
11116983 11116983 11249983
i2
-11112983 -11112983 -11112983
i0
-36 -36 -36
i1
11116982 11116982 11249982
i2
-11112982 -11112982 -11112982
i0
-38 -38 -38
i1
11116981 11116981 11249981
i2
-11112981 -11112981 -11112981
i0
-40 -40 -40
i1
11116980 11116980 11249980
i2
-11112980 -11112980 -11112980
i0
-41 -41 -41
i1
11116979 11116979 11249979
i2
-11112979 -11112979 -11112979
i0
-43 -43 -43
i1
11116978 11116978 11249978
i2
-11112978 -11112978 -11112978
i0
-45 -45 -45
i1
11116978 11116978 11249977
i2
-11112978 -11112978 -11112977
i0
-47 -47 -47
i1
11116977 11116977 11249976
i2
-11112977 -11112977 -11112976
i0
-49 -49 -49
i1
11116976 11116976 11249975
i2
-11112976 -11112976 -11112975
i0
-51 -51 -51
i1
11116975 11116975 11249974
i2
-11112975 -11112975 -11112974
i0
-53 -53 -53
i1
11116974 11116974 11249973
i2
-11112974 -11112974 -11112973
i0
-55 -55 -55
i1
11116973 11116973 11249972
i2
-11112973 -11112973 -11112972
i0
-57 -57 -57
i1
11116971 11116971 11249971
i2
-11112971 -11112971 -11112971
i0
-59 -59 -59
i1
11116970 11116970 11249970
i2
-11112970 -11112970 -11112970
i0
-62 -62 -62
i1
11116969 11116969 11249969
i2
-11112969 -11112969 -11112969
i0
-64 -64 -64
i1
11116968 11116968 11249968
i2
-11112968 -11112968 -11112968
i0
-66 -66 -66
i1
11116967 11116967 11249967
i2
-11112967 -11112967 -11112967
i0
-68 -68 -68
i1
11116966 11116966 11249966
i2
-11112966 -11112966 -11112966
i0
-71 -71 -71
i1
11116965 11116965 11249965
i2
-11112965 -11112965 -11112965
i0
-73 -73 -73
i1
11116964 11116964 11249963
i2
-11112964 -11112964 -11112963
i0
-76 -76 -76
i1
11116962 11116962 11249962
i2
-11112962 -11112962 -11112962
i0
-78 -78 -78
i1
11116961 11116961 11249961
i2
-11112961 -11112961 -11112961
i0
-81 -81 -81
i1
11116960 11116960 11249960
i2
-11112960 -11112960 -11112960
i0
-83 -83 -83
i1
11116959 11116959 11249958
i2
-11112959 -11112959 -11112958
i0
-86 -86 -86
i1
11116957 11116957 11249957
i2
-11112957 -11112957 -11112957
i0
-89 -89 -89
i1
11116956 11116956 11249956
i2
-11112956 -11112956 -11112956
i0
-91 -91 -91
i1
11116955 11116955 11249954
i2
-11112955 -11112955 -11112954
i0
-94 -94 -94
i1
11116953 11116953 11249953
i2
-11112953 -11112953 -11112953
i0
-97 -97 -97
i1
11116952 11116952 11249952
i2
-11112952 -11112952 -11112952
i0
-99 -99 -99
i1
11116950 11116950 11249950
i2
-11112950 -11112950 -11112950
i0
-102 -102 -102
i1
11116949 11116949 11249949
i2
-11112949 -11112949 -11112949
i0
-105 -105 -105
i1
11116948 11116948 11249947
i2
-11112948 -11112948 -11112947
i0
-108 -108 -108
i1
11116946 11116946 11249946
i2
-11112946 -11112946 -11112946
i0
-111 -111 -111
i1
11116945 11116945 11249944
i2
-11112945 -11112945 -11112944
i0
-114 -114 -114
i1
11116943 11116943 11249943
i2
-11112943 -11112943 -11112943
i0
-117 -117 -117
i1
11116942 11116942 11249941
i2
-11112942 -11112942 -11112941
i0
-120 -120 -120
i1
11116940 11116940 11249940
i2
-11112940 -11112940 -11112940
i0
-123 -123 -123
i1
11116939 11116939 11249938
i2
-11112939 -11112939 -11112938
i0
-126 -126 -126
i1
11116937 11116937 11249937
i2
-11112937 -11112937 -11112937
i0
-130 -130 -130
i1
11116935 11116935 11249935
i2
-11112935 -11112935 -11112935
i0
-133 -133 -133
i1
11116934 11116934 11249933
i2
-11112934 -11112934 -11112933
i0
-136 -136 -136
i1
11116932 11116932 11249932
i2
-11112932 -11112932 -11112932
i0
-140 -140 -140
i1
11116931 11116931 11249930
i2
-11112931 -11112931 -11112930
i0
-143 -143 -143
i1
11116929 11116929 11249928
i2
-11112929 -11112929 -11112928
i0
-146 -146 -146
i1
11116927 11116927 11249927
i2
-11112927 -11112927 -11112927
i0
-150 -150 -150
i1
11116925 11116925 11249925
i2
-11112925 -11112925 -11112925
i0
-153 -153 -153
i1
11116924 11116924 11249923
i2
-11112924 -11112924 -11112923
i0
-157 -157 -157
i1
11116922 11116922 11249921
i2
-11112922 -11112922 -11112921
i0
-160 -160 -160
i1
11116920 11116920 11249920
i2
-11112920 -11112920 -11112920
i0
-164 -164 -164
i1
11116918 11116918 11249918
i2
-11112918 -11112918 -11112918
i0
-168 -168 -168
i1
11116917 11116917 11249916
i2
-11112917 -11112917 -11112916
i0
-171 -171 -171
i1
11116915 11116915 11249914
i2
-11112915 -11112915 -11112914
i0
-175 -175 -175
i1
11116913 11116913 11249912
i2
-11112913 -11112913 -11112912
i0
-179 -179 -179
i1
11116911 11116911 11249910
i2
-11112911 -11112911 -11112910
i0
-183 -183 -183
i1
11116909 11116909 11249909
i2
-11112909 -11112909 -11112909
i0
-186 -186 -186
i1
11116907 11116907 11249907
i2
-11112907 -11112907 -11112907
i0
-190 -190 -190
i1
11116905 11116905 11249905
i2
-11112905 -11112905 -11112905
i0
-194 -194 -194
i1
11116903 11116903 11249903
i2
-11112903 -11112903 -11112903
i0
-198 -198 -198
i1
11116901 11116901 11249901
i2
-11112901 -11112901 -11112901
i0
-202 -202 -202
i1
11116899 11116899 11249899
i2
-11112899 -11112899 -11112899
i0
-206 -206 -206
i1
11116897 11116897 11249897
i2
-11112897 -11112897 -11112897
i0
-210 -210 -210
i1
11116895 11116895 11249895
i2
-11112895 -11112895 -11112895
i0
-214 -214 -214
i1
11116893 11116893 11249893
i2
-11112893 -11112893 -11112893
i0
-219 -219 -219
i1
11116891 11116891 11249891
i2
-11112891 -11112891 -11112891
i0
-223 -223 -223
i1
11116889 11116889 11249888
i2
-11112889 -11112889 -11112888
i0
-227 -227 -227
i1
11116887 11116887 11249886
i2
-11112887 -11112887 -11112886
i0
-231 -231 -231
i1
11116885 11116885 11249884
i2
-11112885 -11112885 -11112884
i0
-236 -236 -236
i1
11116883 11116883 11249882
i2
-11112883 -11112883 -11112882
i0
-240 -240 -240
i1
11116881 11116881 11249880
i2
-11112881 -11112881 -11112880
i0
-244 -244 -244
i1
11116878 11116878 11249878
i2
-11112878 -11112878 -11112878
i0
-249 -249 -249
i1
11116876 11116876 11249875
i2
-11112876 -11112876 -11112875
i0
-253 -253 -253
i1
11116874 11116874 11249873
i2
-11112874 -11112874 -11112873
i0
-258 -258 -258
i1
11116872 11116872 11249871
i2
-11112872 -11112872 -11112871
i0
-262 -262 -262
i1
11116869 11116869 11249869
i2
-11112869 -11112869 -11112869
i0
-267 -267 -267
i1
11116867 11116867 11249866
i2
-11112867 -11112867 -11112866
i0
-272 -272 -272
i1
11116865 11116865 11249864
i2
-11112865 -11112865 -11112864
i0
-276 -276 -276
i1
11116862 11116862 11249862
i2
-11112862 -11112862 -11112862
i0
-281 -281 -281
i1
11116860 11116860 11249859
i2
-11112860 -11112860 -11112859
i0
-286 -286 -286
i1
11116858 11116858 11249857
i2
-11112858 -11112858 -11112857
i0
-291 -291 -291
i1
11116855 11116855 11249854
i2
-11112855 -11112855 -11112854
i0
-295 -295 -295
i1
11116853 11116853 11249852
i2
-11112853 -11112853 -11112852
i0
-300 -300 -300
i1
11116850 11116850 11249850
i2
-11112850 -11112850 -11112850
i0
-305 -305 -305
i1
11116848 11116848 11249847
i2
-11112848 -11112848 -11112847
i0
-310 -310 -310
i1
11116846 11116846 11249845
i2
-11112846 -11112846 -11112845
i0
-315 -315 -315
i1
11116843 11116843 11249842
i2
-11112843 -11112843 -11112842
i0
-320 -320 -320
i1
11116841 11116841 11249840
i2
-11112841 -11112841 -11112840
i0
-325 -325 -325
i1
11116838 11116838 11249837
i2
-11112838 -11112838 -11112837
i0
-331 -331 -331
i1
11116835 11116835 11249834
i2
-11112835 -11112835 -11112834
i0
-336 -336 -336
i1
11116833 11116833 11249832
i2
-11112833 -11112833 -11112832
i0
-341 -341 -341
i1
11116830 11116830 11249829
i2
-11112830 -11112830 -11112829
i0
-346 -346 -346
i1
11116828 11116828 11249827
i2
-11112828 -11112828 -11112827
i0
-351 -351 -351
i1
11116825 11116825 11249824
i2
-11112825 -11112825 -11112824
i0
-357 -357 -357
i1
11116822 11116822 11249821
i2
-11112822 -11112822 -11112821
i0
-362 -362 -362
i1
11116820 11116820 11249819
i2
-11112820 -11112820 -11112819
i0
-367 -367 -367
i1
11116817 11116817 11249816
i2
-11112817 -11112817 -11112816
i0
-373 -373 -373
i1
11116814 11116814 11249813
i2
-11112814 -11112814 -11112813
i0
-378 -378 -378
i1
11116812 11116812 11249810
i2
-11112812 -11112812 -11112810
i0
-384 -384 -384
i1
11116809 11116809 11249808
i2
-11112809 -11112809 -11112808
i0
-390 -390 -390
i1
11116806 11116806 11249805
i2
-11112806 -11112806 -11112805
i0
-395 -395 -395
i1
11116803 11116803 11249802
i2
-11112803 -11112803 -11112802
i0
-401 -401 -401
i1
11116800 11116800 11249799
i2
-11112800 -11112800 -11112799
i0
-406 -406 -406
i1
11116798 11116798 11249796
i2
-11112798 -11112798 -11112796
i0
-412 -412 -412
i1
11116795 11116795 11249794
i2
-11112795 -11112795 -11112794
i0
-418 -418 -418
i1
11116792 11116792 11249791
i2
-11112792 -11112792 -11112791
i0
-424 -424 -424
i1
11116789 11116789 11249788
i2
-11112789 -11112789 -11112788
i0
-430 -430 -430
i1
11116786 11116786 11249785
i2
-11112786 -11112786 -11112785
i0
-435 -435 -435
i1
11116783 11116783 11249782
i2
-11112783 -11112783 -11112782
i0
-441 -441 -441
i1
11116780 11116780 11249779
i2
-11112780 -11112780 -11112779
i0
-447 -447 -447
i1
11116777 11116777 11249776
i2
-11112777 -11112777 -11112776
i0
-453 -453 -453
i1
11116774 11116774 11249773
i2
-11112774 -11112774 -11112773
i0
-459 -459 -459
i1
11116771 11116771 11249770
i2
-11112771 -11112771 -11112770
i0
-465 -465 -465
i1
11116768 11116768 11249767
i2
-11112768 -11112768 -11112767
i0
-472 -472 -472
i1
11116765 11116765 11249764
i2
-11112765 -11112765 -11112764
i0
-478 -478 -478
i1
11116762 11116762 11249761
i2
-11112762 -11112762 -11112761
i0
-484 -484 -484
i1
11116759 11116759 11249758
i2
-11112759 -11112759 -11112758
i0
-490 -490 -490
i1
11116756 11116756 11249754
i2
-11112756 -11112756 -11112754
i0
-497 -497 -497
i1
11116753 11116753 11249751
i2
-11112753 -11112753 -11112751
i0
-503 -503 -503
i1
11116750 11116750 11249748
i2
-11112750 -11112750 -11112748
i0
-509 -509 -509
i1
11116746 11116746 11249745
i2
-11112746 -11112746 -11112745
i0
-516 -516 -516
i1
11116743 11116743 11249742
i2
-11112743 -11112743 -11112742
i0
-522 -522 -522
i1
11116740 11116740 11249739
i2
-11112740 -11112740 -11112739
i0
-529 -529 -529
i1
11116737 11116737 11249735
i2
-11112737 -11112737 -11112735
i0
-535 -535 -535
i1
11116734 11116734 11249732
i2
-11112734 -11112734 -11112732
i0
-542 -542 -542
i1
11116730 11116730 11249729
i2
-11112730 -11112730 -11112729
i0
-548 -548 -548
i1
11116727 11116727 11249725
i2
-11112727 -11112727 -11112725
i0
-555 -555 -555
i1
11116724 11116724 11249722
i2
-11112724 -11112724 -11112722
i0
-562 -562 -562
i1
11116720 11116720 11249719
i2
-11112720 -11112720 -11112719
i0
-568 -568 -568
i1
11116717 11116717 11249715
i2
-11112717 -11112717 -11112715
i0
-575 -575 -575
i1
11116714 11116714 11249712
i2
-11112714 -11112714 -11112712
i0
-582 -582 -582
i1
11116710 11116710 11249709
i2
-11112710 -11112710 -11112709
i0
-589 -589 -589
i1
11116707 11116707 11249705
i2
-11112707 -11112707 -11112705
i0
-596 -596 -596
i1
11116703 11116703 11249702
i2
-11112703 -11112703 -11112702
i0
-603 -603 -603
i1
11116700 11116700 11249698
i2
-11112700 -11112700 -11112698
i0
-609 -609 -609
i1
11116697 11116697 11249695
i2
-11112697 -11112697 -11112695
i0
-616 -616 -616
i1
11116693 11116693 11249691
i2
-11112693 -11112693 -11112691
i0
-624 -624 -624
i1
11116690 11116690 11249688
i2
-11112690 -11112690 -11112688
i0
-631 -631 -631
i1
11116686 11116686 11249684
i2
-11112686 -11112686 -11112684
i0
-638 -638 -638
i1
11116682 11116682 11249681
i2
-11112682 -11112682 -11112681
i0
-645 -645 -645
i1
11116679 11116679 11249677
i2
-11112679 -11112679 -11112677
i0
-652 -652 -652
i1
11116675 11116675 11249673
i2
-11112675 -11112675 -11112673
i0
-659 -659 -659
i1
11116672 11116672 11249670
i2
-11112672 -11112672 -11112670
i0
-667 -667 -667
i1
11116668 11116668 11249666
i2
-11112668 -11112668 -11112666
i0
-674 -674 -674
i1
11116664 11116664 11249662
i2
-11112664 -11112664 -11112662
i0
-681 -681 -681
i1
11116661 11116661 11249659
i2
-11112661 -11112661 -11112659
i0
-689 -689 -689
i1
11116657 11116657 11249655
i2
-11112657 -11112657 -11112655
i0
-696 -696 -696
i1
11116653 11116653 11249651
i2
-11112653 -11112653 -11112651
i0
-704 -704 -704
i1
11116650 11116650 11249648
i2
-11112650 -11112650 -11112648
i0
-711 -711 -711
i1
11116646 11116646 11249644
i2
-11112646 -11112646 -11112644
i0
-719 -719 -719
i1
11116642 11116642 11249640
i2
-11112642 -11112642 -11112640
i0
-726 -726 -726
i1
11116638 11116638 11249636
i2
-11112638 -11112638 -11112636
i0
-734 -734 -734
i1
11116635 11116635 11249632
i2
-11112635 -11112635 -11112632
i0
-742 -742 -742
i1
11116631 11116631 11249628
i2
-11112631 -11112631 -11112628
i0
-749 -749 -749
i1
11116627 11116627 11249625
i2
-11112627 -11112627 -11112625
i0
-757 -757 -757
i1
11116623 11116623 11249621
i2
-11112623 -11112623 -11112621
i0
-765 -765 -765
i1
11116619 11116619 11249617
i2
-11112619 -11112619 -11112617
i0
-773 -773 -773
i1
11116615 11116615 11249613
i2
-11112615 -11112615 -11112613
i0
-781 -781 -781
i1
11116611 11116611 11249609
i2
-11112611 -11112611 -11112609
i0
-789 -789 -789
i1
11116607 11116607 11249605
i2
-11112607 -11112607 -11112605
i0
-797 -797 -797
i1
11116603 11116603 11249601
i2
-11112603 -11112603 -11112601
i0
-805 -805 -805
i1
11116599 11116599 11249597
i2
-11112599 -11112599 -11112597
i0
-813 -813 -813
i1
11116595 11116595 11249593
i2
-11112595 -11112595 -11112593
i0
-821 -821 -821
i1
11116591 11116591 11249589
i2
-11112591 -11112591 -11112589
i0
-829 -829 -829
i1
11116587 11116587 11249585
i2
-11112587 -11112587 -11112585
i0
-837 -837 -837
i1
11116583 11116583 11249581
i2
-11112583 -11112583 -11112581
i0
-845 -845 -845
i1
11116579 11116579 11249577
i2
-11112579 -11112579 -11112577
i0
-854 -854 -854
i1
11116575 11116575 11249572
i2
-11112575 -11112575 -11112572
i0
-862 -862 -862
i1
11116571 11116571 11249568
i2
-11112571 -11112571 -11112568
i0
-870 -870 -870
i1
11116567 11116567 11249564
i2
-11112567 -11112567 -11112564
i0
-879 -879 -879
i1
11116563 11116563 11249560
i2
-11112563 -11112563 -11112560
i0
-887 -887 -887
i1
11116558 11116558 11249556
i2
-11112558 -11112558 -11112556
i0
-895 -895 -895
i1
11116554 11116554 11249552
i2
-11112554 -11112554 -11112552
i0
-904 -904 -904
i1
11116550 11116550 11249547
i2
-11112550 -11112550 -11112547
i0
-912 -912 -912
i1
11116546 11116546 11249543
i2
-11112546 -11112546 -11112543
i0
-921 -921 -921
i1
11116541 11116541 11249539
i2
-11112541 -11112541 -11112539
i0
-930 -930 -930
i1
11116537 11116537 11249534
i2
-11112537 -11112537 -11112534
i0
-938 -938 -938
i1
11116533 11116533 11249530
i2
-11112533 -11112533 -11112530
i0
-947 -947 -947
i1
11116529 11116529 11249526
i2
-11112529 -11112529 -11112526
i0
-956 -956 -956
i1
11116524 11116524 11249521
i2
-11112524 -11112524 -11112521
i0
-964 -964 -964
i1
11116520 11116520 11249517
i2
-11112520 -11112520 -11112517
i0
-973 -973 -973
i1
11116515 11116515 11249513
i2
-11112515 -11112515 -11112513
i0
-982 -982 -982
i1
11116511 11116511 11249508
i2
-11112511 -11112511 -11112508
i0
-991 -991 -991
i1
11116507 11116507 11249504
i2
-11112507 -11112507 -11112504
i0
-1000 -1000 -1000
i1
11116502 11116502 11249499
i2
-11112502 -11112502 -11112499
i0
-1009 -1009 -1009
i1
11116498 11116498 11249495
i2
-11112498 -11112498 -11112495
i0
-1018 -1018 -1018
i1
11116493 11116493 11249490
i2
-11112493 -11112493 -11112490
i0
-1027 -1027 -1027
i1
11116489 11116489 11249486
i2
-11112489 -11112489 -11112486
i0
-1036 -1036 -1036
i1
11116484 11116484 11249481
i2
-11112484 -11112484 -11112481
i0
-1045 -1045 -1045
i1
11116480 11116480 11249477
i2
-11112480 -11112480 -11112477
i0
-1054 -1054 -1054
i1
11116475 11116475 11249472
i2
-11112475 -11112475 -11112472
i0
-1063 -1063 -1063
i1
11116470 11116470 11249467
i2
-11112470 -11112470 -11112467
i0
-1073 -1073 -1073
i1
11116466 11116466 11249463
i2
-11112466 -11112466 -11112463
i0
-1082 -1082 -1082
i1
11116461 11116461 11249458
i2
-11112461 -11112461 -11112458
i0
-1091 -1091 -1091
i1
11116457 11116457 11249453
i2
-11112457 -11112457 -11112453
i0
-1101 -1101 -1101
i1
11116452 11116452 11249449
i2
-11112452 -11112452 -11112449
i0
-1110 -1110 -1110
i1
11116447 11116447 11249444
i2
-11112447 -11112447 -11112444
i0
-1120 -1120 -1120
i1
11116443 11116443 11249439
i2
-11112443 -11112443 -11112439
i0
-1129 -1129 -1129
i1
11116438 11116438 11249434
i2
-11112438 -11112438 -11112434
i0
-1139 -1139 -1139
i1
11116433 11116433 11249430
i2
-11112433 -11112433 -11112430
i0
-1148 -1148 -1148
i1
11116428 11116428 11249425
i2
-11112428 -11112428 -11112425
i0
-1158 -1158 -1158
i1
11116424 11116424 11249420
i2
-11112424 -11112424 -11112420
i0
-1167 -1167 -1167
i1
11116419 11116419 11249415
i2
-11112419 -11112419 -11112415
i0
-1177 -1177 -1177
i1
11116414 11116414 11249410
i2
-11112414 -11112414 -11112410
i0
-1187 -1187 -1187
i1
11116409 11116409 11249406
i2
-11112409 -11112409 -11112406
i0
-1197 -1197 -1197
i1
11116404 11116404 11249401
i2
-11112404 -11112404 -11112401
i0
-1206 -1206 -1206
i1
11116399 11116399 11249396
i2
-11112399 -11112399 -11112396
i0
-1216 -1216 -1216
i1
11116394 11116394 11249391
i2
-11112394 -11112394 -11112391
i0
-1226 -1226 -1226
i1
11116390 11116390 11249386
i2
-11112390 -11112390 -11112386
i0
-1236 -1236 -1236
i1
11116385 11116385 11249381
i2
-11112385 -11112385 -11112381
i0
-1246 -1246 -1246
i1
11116380 11116380 11249376
i2
-11112380 -11112380 -11112376
i0
-1256 -1256 -1256
i1
11116375 11116375 11249371
i2
-11112375 -11112375 -11112371
i0
-1266 -1266 -1266
i1
11116370 11116370 11249366
i2
-11112370 -11112370 -11112366
i0
-1276 -1276 -1276
i1
11116365 11116365 11249361
i2
-11112365 -11112365 -11112361
i0
-1286 -1286 -1286
i1
11116360 11116360 11249356
i2
-11112360 -11112360 -11112356
i0
-1296 -1296 -1296
i1
11116354 11116354 11249351
i2
-11112354 -11112354 -11112351
i0
-1307 -1307 -1307
i1
11116349 11116349 11249346
i2
-11112349 -11112349 -11112346
i0
-1317 -1317 -1317
i1
11116344 11116344 11249340
i2
-11112344 -11112344 -11112340
i0
-1327 -1327 -1327
i1
11116339 11116339 11249335
i2
-11112339 -11112339 -11112335
i0
-1338 -1338 -1338
i1
11116334 11116334 11249330
i2
-11112334 -11112334 -11112330
i0
-1348 -1348 -1348
i1
11116329 11116329 11249325
i2
-11112329 -11112329 -11112325
i0
-1358 -1358 -1358
i1
11116324 11116324 11249320
i2
-11112324 -11112324 -11112320
i0
-1369 -1369 -1369
i1
11116318 11116318 11249314
i2
-11112318 -11112318 -11112314
i0
-1379 -1379 -1379
i1
11116313 11116313 11249309
i2
-11112313 -11112313 -11112309
i0
-1390 -1390 -1390
i1
11116308 11116308 11249304
i2
-11112308 -11112308 -11112304
i0
-1400 -1400 -1400
i1
11116303 11116303 11249299
i2
-11112303 -11112303 -11112299
i0
-1411 -1411 -1411
i1
11116297 11116297 11249293
i2
-11112297 -11112297 -11112293
i0
-1422 -1422 -1422
i1
11116292 11116292 11249288
i2
-11112292 -11112292 -11112288
i0
-1432 -1432 -1432
i1
11116287 11116287 11249283
i2
-11112287 -11112287 -11112283
i0
-1443 -1443 -1443
i1
11116282 11116282 11249277
i2
-11112282 -11112282 -11112277
i0
-1454 -1454 -1454
i1
11116276 11116276 11249272
i2
-11112276 -11112276 -11112272
i0
-1465 -1465 -1465
i1
11116271 11116271 11249266
i2
-11112271 -11112271 -11112266
i0
-1475 -1475 -1475
i1
11116265 11116265 11249261
i2
-11112265 -11112265 -11112261
i0
-1486 -1486 -1486
i1
11116260 11116260 11249256
i2
-11112260 -11112260 -11112256
i0
-1497 -1497 -1497
i1
11116255 11116255 11249250
i2
-11112255 -11112255 -11112250
i0
-1508 -1508 -1508
i1
11116249 11116249 11249245
i2
-11112249 -11112249 -11112245
i0
-1519 -1519 -1519
i1
11116244 11116244 11249239
i2
-11112244 -11112244 -11112239
i0
-1530 -1530 -1530
i1
11116238 11116238 11249234
i2
-11112238 -11112238 -11112234
i0
-1541 -1541 -1541
i1
11116233 11116233 11249228
i2
-11112233 -11112233 -11112228
i0
-1553 -1553 -1553
i1
11116227 11116227 11249222
i2
-11112227 -11112227 -11112222
i0
-1564 -1564 -1564
i1
11116221 11116221 11249217
i2
-11112221 -11112221 -11112217
i0
-1575 -1575 -1575
i1
11116216 11116216 11249211
i2
-11112216 -11112216 -11112211
i0
-1586 -1586 -1586
i1
11116210 11116210 11249206
i2
-11112210 -11112210 -11112206
i0
-1597 -1597 -1597
i1
11116205 11116205 11249200
i2
-11112205 -11112205 -11112200
i0
-1609 -1609 -1609
i1
11116199 11116199 11249194
i2
-11112199 -11112199 -11112194
i0
-1620 -1620 -1620
i1
11116193 11116193 11249189
i2
-11112193 -11112193 -11112189
i0
-1632 -1632 -1632
i1
11116188 11116188 11249183
i2
-11112188 -11112188 -11112183
i0
-1643 -1643 -1643
i1
11116182 11116182 11249177
i2
-11112182 -11112182 -11112177
i0
-1654 -1654 -1654
i1
11116176 11116176 11249171
i2
-11112176 -11112176 -11112171
i0
-1666 -1666 -1666
i1
11116170 11116170 11249166
i2
-11112170 -11112170 -11112166
i0
-1678 -1678 -1678
i1
11116165 11116165 11249160
i2
-11112165 -11112165 -11112160
i0
-1689 -1689 -1689
i1
11116159 11116159 11249154
i2
-11112159 -11112159 -11112154
i0
-1701 -1701 -1701
i1
11116153 11116153 11249148
i2
-11112153 -11112153 -11112148
i0
-1713 -1713 -1713
i1
11116147 11116147 11249142
i2
-11112147 -11112147 -11112142
i0
-1724 -1724 -1724
i1
11116141 11116141 11249136
i2
-11112141 -11112141 -11112136
i0
-1736 -1736 -1736
i1
11116136 11116136 11249130
i2
-11112136 -11112136 -11112130
i0
-1748 -1748 -1748
i1
11116130 11116130 11249125
i2
-11112130 -11112130 -11112125
i0
-1760 -1760 -1760
i1
11116124 11116124 11249119
i2
-11112124 -11112124 -11112119
i0
-1772 -1772 -1772
i1
11116118 11116118 11249113
i2
-11112118 -11112118 -11112113
i0
-1784 -1784 -1784
i1
11116112 11116112 11249107
i2
-11112112 -11112112 -11112107
i0
-1795 -1795 -1795
i1
11116106 11116106 11249101
i2
-11112106 -11112106 -11112101
i0
-1807 -1807 -1807
i1
11116100 11116100 11249095
i2
-11112100 -11112100 -11112095
i0
-1820 -1820 -1820
i1
11116094 11116094 11249089
i2
-11112094 -11112094 -11112089
i0
-1832 -1832 -1832
i1
11116088 11116088 11249083
i2
-11112088 -11112088 -11112083
i0
-1844 -1844 -1844
i1
11116082 11116082 11249076
i2
-11112082 -11112082 -11112076
i0
-1856 -1856 -1856
i1
11116076 11116076 11249070
i2
-11112076 -11112076 -11112070
i0
-1868 -1868 -1868
i1
11116070 11116070 11249064
i2
-11112070 -11112070 -11112064
i0
-1880 -1880 -1880
i1
11116064 11116064 11249058
i2
-11112064 -11112064 -11112058
i0
-1893 -1893 -1893
i1
11116058 11116058 11249052
i2
-11112058 -11112058 -11112052
i0
-1905 -1905 -1905
i1
11116051 11116051 11249046
i2
-11112051 -11112051 -11112046
i0
-1917 -1917 -1917
i1
11116045 11116045 11249040
i2
-11112045 -11112045 -11112040
i0
-1930 -1930 -1930
i1
11116039 11116039 11249033
i2
-11112039 -11112039 -11112033
i0
-1942 -1942 -1942
i1
11116033 11116033 11249027
i2
-11112033 -11112033 -11112027
i0
-1955 -1955 -1955
i1
11116027 11116027 11249021
i2
-11112027 -11112027 -11112021
i0
-1967 -1967 -1967
i1
11116020 11116020 11249015
i2
-11112020 -11112020 -11112015
i0
-1980 -1980 -1980
i1
11116014 11116014 11249008
i2
-11112014 -11112014 -11112008
i0
-1992 -1992 -1992
i1
11116008 11116008 11249002
i2
-11112008 -11112008 -11112002
i0
-2005 -2005 -2005
i1
11116002 11116002 11248996
i2
-11112002 -11112002 -11111996
i0
-2018 -2018 -2018
i1
11115995 11115995 11248989
i2
-11111995 -11111995 -11111989
i0
-2031 -2031 -2031
i1
11115989 11115989 11248983
i2
-11111989 -11111989 -11111983
i0
-2043 -2043 -2043
i1
11115983 11115983 11248977
i2
-11111983 -11111983 -11111977
i0
-2056 -2056 -2056
i1
11115976 11115976 11248970
i2
-11111976 -11111976 -11111970
i0
-2069 -2069 -2069
i1
11115970 11115970 11248964
i2
-11111970 -11111970 -11111964
i0
-2082 -2082 -2082
i1
11115963 11115963 11248957
i2
-11111963 -11111963 -11111957
i0
-2095 -2095 -2095
i1
11115957 11115957 11248951
i2
-11111957 -11111957 -11111951
i0
-2108 -2108 -2108
i1
11115951 11115951 11248944
i2
-11111951 -11111951 -11111944
i0
-2121 -2121 -2121
i1
11115944 11115944 11248938
i2
-11111944 -11111944 -11111938
i0
-2134 -2134 -2134
i1
11115938 11115938 11248931
i2
-11111938 -11111938 -11111931
i0
-2147 -2147 -2147
i1
11115931 11115931 11248925
i2
-11111931 -11111931 -11111925
i0
-2160 -2160 -2160
i1
11115925 11115925 11248918
i2
-11111925 -11111925 -11111918
i0
-2173 -2173 -2173
i1
11115918 11115918 11248911
i2
-11111918 -11111918 -11111911
i0
-2186 -2186 -2186
i1
11115911 11115911 11248905
i2
-11111911 -11111911 -11111905
i0
-2200 -2200 -2200
i1
11115905 11115905 11248898
i2
-11111905 -11111905 -11111898
i0
-2213 -2213 -2213
i1
11115898 11115898 11248892
i2
-11111898 -11111898 -11111892
i0
-2226 -2226 -2226
i1
11115892 11115892 11248885
i2
-11111892 -11111892 -11111885
i0
-2240 -2240 -2240
i1
11115885 11115885 11248878
i2
-11111885 -11111885 -11111878
i0
-2253 -2253 -2253
i1
11115878 11115878 11248871
i2
-11111878 -11111878 -11111871
i0
-2267 -2267 -2267
i1
11115871 11115871 11248865
i2
-11111871 -11111871 -11111865
i0
-2280 -2280 -2280
i1
11115865 11115865 11248858
i2
-11111865 -11111865 -11111858
i0
-2294 -2294 -2294
i1
11115858 11115858 11248851
i2
-11111858 -11111858 -11111851
i0
-2307 -2307 -2307
i1
11115851 11115851 11248844
i2
-11111851 -11111851 -11111844
i0
-2321 -2321 -2321
i1
11115845 11115845 11248838
i2
-11111845 -11111845 -11111838
i0
-2334 -2334 -2334
i1
11115838 11115838 11248831
i2
-11111838 -11111838 -11111831
i0
-2348 -2348 -2348
i1
11115831 11115831 11248824
i2
-11111831 -11111831 -11111824
i0
-2362 -2362 -2362
i1
11115824 11115824 11248817
i2
-11111824 -11111824 -11111817
i0
-2376 -2376 -2376
i1
11115817 11115817 11248810
i2
-11111817 -11111817 -11111810
i0
-2389 -2389 -2389
i1
11115810 11115810 11248803
i2
-11111810 -11111810 -11111803
i0
-2403 -2403 -2403
i1
11115803 11115803 11248796
i2
-11111803 -11111803 -11111796
i0
-2417 -2417 -2417
i1
11115797 11115797 11248789
i2
-11111797 -11111797 -11111789
i0
-2431 -2431 -2431
i1
11115790 11115790 11248782
i2
-11111790 -11111790 -11111782
i0
-2445 -2445 -2445
i1
11115783 11115783 11248775
i2
-11111783 -11111783 -11111775
i0
-2459 -2459 -2459
i1
11115776 11115776 11248768
i2
-11111776 -11111776 -11111768
i0
-2473 -2473 -2473
i1
11115769 11115769 11248761
i2
-11111769 -11111769 -11111761
i0
-2487 -2487 -2487
i1
11115762 11115762 11248754
i2
-11111762 -11111762 -11111754
i0
-2501 -2501 -2501
i1
11115755 11115755 11248747
i2
-11111755 -11111755 -11111747
i0
-2516 -2516 -2516
i1
11115748 11115748 11248740
i2
-11111748 -11111748 -11111740
i0
-2530 -2530 -2530
i1
11115740 11115740 11248733
i2
-11111740 -11111740 -11111733
i0
-2544 -2544 -2544
i1
11115733 11115733 11248726
i2
-11111733 -11111733 -11111726
i0
-2558 -2558 -2558
i1
11115726 11115726 11248719
i2
-11111726 -11111726 -11111719
i0
-2573 -2573 -2573
i1
11115719 11115719 11248711
i2
-11111719 -11111719 -11111711
i0
-2587 -2587 -2587
i1
11115712 11115712 11248704
i2
-11111712 -11111712 -11111704
i0
-2601 -2601 -2601
i1
11115705 11115705 11248697
i2
-11111705 -11111705 -11111697
i0
-2616 -2616 -2616
i1
11115698 11115698 11248690
i2
-11111698 -11111698 -11111690
i0
-2630 -2630 -2630
i1
11115690 11115690 11248683
i2
-11111690 -11111690 -11111683
i0
-2645 -2645 -2645
i1
11115683 11115683 11248675
i2
-11111683 -11111683 -11111675
i0
-2659 -2659 -2659
i1
11115676 11115676 11248668
i2
-11111676 -11111676 -11111668
i0
-2674 -2674 -2674
i1
11115669 11115669 11248661
i2
-11111669 -11111669 -11111661
i0
-2689 -2689 -2689
i1
11115661 11115661 11248653
i2
-11111661 -11111661 -11111653
i0
-2703 -2703 -2703
i1
11115654 11115654 11248646
i2
-11111654 -11111654 -11111646
i0
-2718 -2718 -2718
i1
11115647 11115647 11248639
i2
-11111647 -11111647 -11111639
i0
-2733 -2733 -2733
i1
11115639 11115639 11248631
i2
-11111639 -11111639 -11111631
i0
-2748 -2748 -2748
i1
11115632 11115632 11248624
i2
-11111632 -11111632 -11111624
i0
-2763 -2763 -2763
i1
11115625 11115625 11248616
i2
-11111625 -11111625 -11111616
i0
-2777 -2777 -2777
i1
11115617 11115617 11248609
i2
-11111617 -11111617 -11111609
i0
-2792 -2792 -2792
i1
11115610 11115610 11248601
i2
-11111610 -11111610 -11111601
i0
-2807 -2807 -2807
i1
11115602 11115602 11248594
i2
-11111602 -11111602 -11111594
i0
-2822 -2822 -2822
i1
11115595 11115595 11248586
i2
-11111595 -11111595 -11111586
i0
-2837 -2837 -2837
i1
11115587 11115587 11248579
i2
-11111587 -11111587 -11111579
i0
-2853 -2853 -2853
i1
11115580 11115580 11248571
i2
-11111580 -11111580 -11111571
i0
-2868 -2868 -2868
i1
11115572 11115572 11248564
i2
-11111572 -11111572 -11111564
i0
-2883 -2883 -2883
i1
11115565 11115565 11248556
i2
-11111565 -11111565 -11111556
i0
-2898 -2898 -2898
i1
11115557 11115557 11248548
i2
-11111557 -11111557 -11111548
i0
-2913 -2913 -2913
i1
11115549 11115549 11248541
i2
-11111549 -11111549 -11111541
i0
-2929 -2929 -2929
i1
11115542 11115542 11248533
i2
-11111542 -11111542 -11111533
i0
-2944 -2944 -2944
i1
11115534 11115534 11248525
i2
-11111534 -11111534 -11111525
i0
-2959 -2959 -2959
i1
11115527 11115527 11248518
i2
-11111527 -11111527 -11111518
i0
-2975 -2975 -2975
i1
11115519 11115519 11248510
i2
-11111519 -11111519 -11111510
i0
-2990 -2990 -2990
i1
11115511 11115511 11248502
i2
-11111511 -11111511 -11111502
i0
-3006 -3006 -3006
i1
11115503 11115503 11248495
i2
-11111503 -11111503 -11111495
i0
-3021 -3021 -3021
i1
11115496 11115496 11248487
i2
-11111496 -11111496 -11111487
i0
-3037 -3037 -3037
i1
11115488 11115488 11248479
i2
-11111488 -11111488 -11111479
i0
-3052 -3052 -3052
i1
11115480 11115480 11248471
i2
-11111480 -11111480 -11111471
i0
-3068 -3068 -3068
i1
11115472 11115472 11248463
i2
-11111472 -11111472 -11111463
i0
-3084 -3084 -3084
i1
11115465 11115465 11248455
i2
-11111465 -11111465 -11111455
i0
-3099 -3099 -3099
i1
11115457 11115457 11248448
i2
-11111457 -11111457 -11111448
i0
-3115 -3115 -3115
i1
11115449 11115449 11248440
i2
-11111449 -11111449 -11111440
i0
-3131 -3131 -3131
i1
11115441 11115441 11248432
i2
-11111441 -11111441 -11111432
i0
-3147 -3147 -3147
i1
11115433 11115433 11248424
i2
-11111433 -11111433 -11111424
i0
-3163 -3163 -3163
i1
11115425 11115425 11248416
i2
-11111425 -11111425 -11111416
i0
-3179 -3179 -3179
i1
11115417 11115417 11248408
i2
-11111417 -11111417 -11111408
i0
-3195 -3195 -3195
i1
11115409 11115409 11248400
i2
-11111409 -11111409 -11111400
i0
-3211 -3211 -3211
i1
11115401 11115401 11248392
i2
-11111401 -11111401 -11111392
i0
-3227 -3227 -3227
i1
11115393 11115393 11248384
i2
-11111393 -11111393 -11111384
i0
-3243 -3243 -3243
i1
11115385 11115385 11248376
i2
-11111385 -11111385 -11111376
i0
-3259 -3259 -3259
i1
11115377 11115377 11248368
i2
-11111377 -11111377 -11111368
i0
-3275 -3275 -3275
i1
11115369 11115369 11248360
i2
-11111369 -11111369 -11111360
i0
-3291 -3291 -3291
i1
11115361 11115361 11248351
i2
-11111361 -11111361 -11111351
i0
-3308 -3308 -3308
i1
11115353 11115353 11248343
i2
-11111353 -11111353 -11111343
i0
-3324 -3324 -3324
i1
11115345 11115345 11248335
i2
-11111345 -11111345 -11111335
i0
-3340 -3340 -3340
i1
11115337 11115337 11248327
i2
-11111337 -11111337 -11111327
i0
-3357 -3357 -3357
i1
11115329 11115329 11248319
i2
-11111329 -11111329 -11111319
i0
-3373 -3373 -3373
i1
11115321 11115321 11248311
i2
-11111321 -11111321 -11111311
i0
-3390 -3390 -3390
i1
11115312 11115312 11248302
i2
-11111312 -11111312 -11111302
i0
-3406 -3406 -3406
i1
11115304 11115304 11248294
i2
-11111304 -11111304 -11111294
i0
-3423 -3423 -3423
i1
11115296 11115296 11248286
i2
-11111296 -11111296 -11111286
i0
-3439 -3439 -3439
i1
11115288 11115288 11248277
i2
-11111288 -11111288 -11111277
i0
-3456 -3456 -3456
i1
11115279 11115279 11248269
i2
-11111279 -11111279 -11111269
i0
-3472 -3472 -3472
i1
11115271 11115271 11248261
i2
-11111271 -11111271 -11111261
i0
-3489 -3489 -3489
i1
11115263 11115263 11248252
i2
-11111263 -11111263 -11111252
i0
-3506 -3506 -3506
i1
11115254 11115254 11248244
i2
-11111254 -11111254 -11111244
i0
-3523 -3523 -3523
i1
11115246 11115246 11248236
i2
-11111246 -11111246 -11111236
i0
-3539 -3539 -3539
i1
11115238 11115238 11248227
i2
-11111238 -11111238 -11111227
i0
-3556 -3556 -3556
i1
11115229 11115229 11248219
i2
-11111229 -11111229 -11111219
i0
-3573 -3573 -3573
i1
11115221 11115221 11248210
i2
-11111221 -11111221 -11111210
i0
-3590 -3590 -3590
i1
11115213 11115213 11248202
i2
-11111213 -11111213 -11111202
i0
-3607 -3607 -3607
i1
11115204 11115204 11248193
i2
-11111204 -11111204 -11111193
i0
-3624 -3624 -3624
i1
11115196 11115196 11248185
i2
-11111196 -11111196 -11111185
i0
-3641 -3641 -3641
i1
11115187 11115187 11248176
i2
-11111187 -11111187 -11111176
i0
-3658 -3658 -3658
i1
11115179 11115179 11248168
i2
-11111179 -11111179 -11111168
i0
-3675 -3675 -3675
i1
11115170 11115170 11248159
i2
-11111170 -11111170 -11111159
i0
-3693 -3693 -3693
i1
11115161 11115161 11248150
i2
-11111161 -11111161 -11111150
i0
-3710 -3710 -3710
i1
11115153 11115153 11248142
i2
-11111153 -11111153 -11111142
i0
-3727 -3727 -3727
i1
11115144 11115144 11248133
i2
-11111144 -11111144 -11111133
i0
-3744 -3744 -3744
i1
11115136 11115136 11248125
i2
-11111136 -11111136 -11111125
i0
-3762 -3762 -3762
i1
11115127 11115127 11248116
i2
-11111127 -11111127 -11111116
i0
-3779 -3779 -3779
i1
11115118 11115118 11248107
i2
-11111118 -11111118 -11111107
i0
-3796 -3796 -3796
i1
11115110 11115110 11248098
i2
-11111110 -11111110 -11111098
i0
-3814 -3814 -3814
i1
11115101 11115101 11248090
i2
-11111101 -11111101 -11111090
i0
-3831 -3831 -3831
i1
11115092 11115092 11248081
i2
-11111092 -11111092 -11111081
i0
-3849 -3849 -3849
i1
11115084 11115084 11248072
i2
-11111084 -11111084 -11111072
i0
-3867 -3867 -3867
i1
11115075 11115075 11248063
i2
-11111075 -11111075 -11111063
i0
-3884 -3884 -3884
i1
11115066 11115066 11248055
i2
-11111066 -11111066 -11111055
i0
-3902 -3902 -3902
i1
11115057 11115057 11248046
i2
-11111057 -11111057 -11111046
i0
-3920 -3920 -3920
i1
11115049 11115049 11248037
i2
-11111049 -11111049 -11111037
i0
-3937 -3937 -3937
i1
11115040 11115040 11248028
i2
-11111040 -11111040 -11111028
i0
-3955 -3955 -3955
i1
11115031 11115031 11248019
i2
-11111031 -11111031 -11111019
i0
-3973 -3973 -3973
i1
11115022 11115022 11248010
i2
-11111022 -11111022 -11111010
i0
-3991 -3991 -3991
i1
11115013 11115013 11248001
i2
-11111013 -11111013 -11111001
i0
-4009 -4009 -4009
i1
11115004 11115004 11247992
i2
-11111004 -11111004 -11110992
i0
-4027 -4027 -4027
i1
11114995 11114995 11247983
i2
-11110995 -11110995 -11110983
i0
-4045 -4045 -4045
i1
11114986 11114986 11247974
i2
-11110986 -11110986 -11110974
i0
-4063 -4063 -4063
i1
11114977 11114977 11247965
i2
-11110977 -11110977 -11110965
i0
-4081 -4081 -4081
i1
11114968 11114968 11247956
i2
-11110968 -11110968 -11110956
i0
-4099 -4099 -4099
i1
11114959 11114959 11247947
i2
-11110959 -11110959 -11110947
i0
-4117 -4117 -4117
i1
11114950 11114950 11247938
i2
-11110950 -11110950 -11110938
i0
-4135 -4135 -4135
i1
11114941 11114941 11247929
i2
-11110941 -11110941 -11110929
i0
-4153 -4153 -4153
i1
11114932 11114932 11247920
i2
-11110932 -11110932 -11110920
i0
-4171 -4171 -4171
i1
11114923 11114923 11247911
i2
-11110923 -11110923 -11110911
i0
-4190 -4190 -4190
i1
11114914 11114914 11247901
i2
-11110914 -11110914 -11110901
i0
-4208 -4208 -4208
i1
11114905 11114905 11247892
i2
-11110905 -11110905 -11110892
i0
-4226 -4226 -4226
i1
11114896 11114896 11247883
i2
-11110896 -11110896 -11110883
i0
-4245 -4245 -4245
i1
11114887 11114887 11247874
i2
-11110887 -11110887 -11110874
i0
-4263 -4263 -4263
i1
11114877 11114877 11247865
i2
-11110877 -11110877 -11110865
i0
-4282 -4282 -4282
i1
11114868 11114868 11247855
i2
-11110868 -11110868 -11110855
i0
-4300 -4300 -4300
i1
11114859 11114859 11247846
i2
-11110859 -11110859 -11110846
i0
-4319 -4319 -4319
i1
11114850 11114850 11247837
i2
-11110850 -11110850 -11110837
i0
-4338 -4338 -4338
i1
11114840 11114840 11247827
i2
-11110840 -11110840 -11110827
i0
-4356 -4356 -4356
i1
11114831 11114831 11247818
i2
-11110831 -11110831 -11110818
i0
-4375 -4375 -4375
i1
11114822 11114822 11247809
i2
-11110822 -11110822 -11110809
i0
-4394 -4394 -4394
i1
11114812 11114812 11247799
i2
-11110812 -11110812 -11110799
i0
-4412 -4412 -4412
i1
11114803 11114803 11247790
i2
-11110803 -11110803 -11110790
i0
-4431 -4431 -4431
i1
11114794 11114794 11247781
i2
-11110794 -11110794 -11110781
i0
-4450 -4450 -4450
i1
11114784 11114784 11247771
i2
-11110784 -11110784 -11110771
i0
-4469 -4469 -4469
i1
11114775 11114775 11247762
i2
-11110775 -11110775 -11110762
i0
-4488 -4488 -4488
i1
11114765 11114765 11247752
i2
-11110765 -11110765 -11110752
i0
-4507 -4507 -4507
i1
11114756 11114756 11247743
i2
-11110756 -11110756 -11110743
i0
-4526 -4526 -4526
i1
11114747 11114747 11247733
i2
-11110747 -11110747 -11110733
i0
-4545 -4545 -4545
i1
11114737 11114737 11247724
i2
-11110737 -11110737 -11110724
i0
-4564 -4564 -4564
i1
11114728 11114728 11247714
i2
-11110728 -11110728 -11110714
i0
-4583 -4583 -4583
i1
11114718 11114718 11247704
i2
-11110718 -11110718 -11110704
i0
-4602 -4602 -4602
i1
11114709 11114709 11247695
i2
-11110709 -11110709 -11110695
i0
-4622 -4622 -4622
i1
11114699 11114699 11247685
i2
-11110699 -11110699 -11110685
i0
-4641 -4641 -4641
i1
11114689 11114689 11247676
i2
-11110689 -11110689 -11110676
i0
-4660 -4660 -4660
i1
11114680 11114680 11247666
i2
-11110680 -11110680 -11110666
i0
-4680 -4680 -4680
i1
11114670 11114670 11247656
i2
-11110670 -11110670 -11110656
i0
-4699 -4699 -4699
i1
11114660 11114660 11247646
i2
-11110660 -11110660 -11110646
i0
-4718 -4718 -4718
i1
11114651 11114651 11247637
i2
-11110651 -11110651 -11110637
i0
-4738 -4738 -4738
i1
11114641 11114641 11247627
i2
-11110641 -11110641 -11110627
i0
-4757 -4757 -4757
i1
11114631 11114631 11247617
i2
-11110631 -11110631 -11110617
i0
-4777 -4777 -4777
i1
11114622 11114622 11247607
i2
-11110622 -11110622 -11110607
i0
-4796 -4796 -4796
i1
11114612 11114612 11247598
i2
-11110612 -11110612 -11110598
i0
-4816 -4816 -4816
i1
11114602 11114602 11247588
i2
-11110602 -11110602 -11110588
i0
-4836 -4836 -4836
i1
11114592 11114592 11247578
i2
-11110592 -11110592 -11110578
i0
-4855 -4855 -4855
i1
11114583 11114583 11247568
i2
-11110583 -11110583 -11110568
i0
-4875 -4875 -4875
i1
11114573 11114573 11247558
i2
-11110573 -11110573 -11110558
i0
-4895 -4895 -4895
i1
11114563 11114563 11247548
i2
-11110563 -11110563 -11110548
i0
-4915 -4915 -4915
i1
11114553 11114553 11247538
i2
-11110553 -11110553 -11110538
i0
-4935 -4935 -4935
i1
11114543 11114543 11247528
i2
-11110543 -11110543 -11110528
i0
-4955 -4955 -4955
i1
11114533 11114533 11247518
i2
-11110533 -11110533 -11110518
i0
-4974 -4974 -4974
i1
11114523 11114523 11247508
i2
-11110523 -11110523 -11110508
i0
-4994 -4994 -4994
i1
11114513 11114513 11247498
i2
-11110513 -11110513 -11110498
i0
-5014 -5014 -5014
i1
11114503 11114503 11247488
i2
-11110503 -11110503 -11110488
i0
-5035 -5035 -5035
i1
11114493 11114493 11247478
i2
-11110493 -11110493 -11110478
i0
-5055 -5055 -5055
i1
11114483 11114483 11247468
i2
-11110483 -11110483 -11110468
i0
-5075 -5075 -5075
i1
11114473 11114473 11247458
i2
-11110473 -11110473 -11110458
i0
-5095 -5095 -5095
i1
11114463 11114463 11247448
i2
-11110463 -11110463 -11110448
i0
-5115 -5115 -5115
i1
11114453 11114453 11247438
i2
-11110453 -11110453 -11110438
i0
-5135 -5135 -5135
i1
11114443 11114443 11247428
i2
-11110443 -11110443 -11110428
i0
-5156 -5156 -5156
i1
11114433 11114433 11247418
i2
-11110433 -11110433 -11110418
i0
-5176 -5176 -5176
i1
11114423 11114423 11247408
i2
-11110423 -11110423 -11110408
i0
-5196 -5196 -5196
i1
11114413 11114413 11247397
i2
-11110413 -11110413 -11110397
i0
-5217 -5217 -5217
i1
11114403 11114403 11247387
i2
-11110403 -11110403 -11110387
i0
-5237 -5237 -5237
i1
11114392 11114392 11247377
i2
-11110392 -11110392 -11110377
i0
-5258 -5258 -5258
i1
11114382 11114382 11247367
i2
-11110382 -11110382 -11110367
i0
-5278 -5278 -5278
i1
11114372 11114372 11247356
i2
-11110372 -11110372 -11110356
i0
-5299 -5299 -5299
i1
11114362 11114362 11247346
i2
-11110362 -11110362 -11110346
i0
-5320 -5320 -5320
i1
11114351 11114351 11247336
i2
-11110351 -11110351 -11110336
i0
-5340 -5340 -5340
i1
11114341 11114341 11247325
i2
-11110341 -11110341 -11110325
i0
-5361 -5361 -5361
i1
11114331 11114331 11247315
i2
-11110331 -11110331 -11110315
i0
-5382 -5382 -5382
i1
11114321 11114321 11247305
i2
-11110321 -11110321 -11110305
i0
-5402 -5402 -5402
i1
11114310 11114310 11247294
i2
-11110310 -11110310 -11110294
i0
-5423 -5423 -5423
i1
11114300 11114300 11247284
i2
-11110300 -11110300 -11110284
i0
-5444 -5444 -5444
i1
11114289 11114289 11247273
i2
-11110289 -11110289 -11110273
i0
-5465 -5465 -5465
i1
11114279 11114279 11247263
i2
-11110279 -11110279 -11110263
i0
-5486 -5486 -5486
i1
11114269 11114269 11247252
i2
-11110269 -11110269 -11110252
i0
-5507 -5507 -5507
i1
11114258 11114258 11247242
i2
-11110258 -11110258 -11110242
i0
-5528 -5528 -5528
i1
11114248 11114248 11247231
i2
-11110248 -11110248 -11110231
i0
-5549 -5549 -5549
i1
11114237 11114237 11247221
i2
-11110237 -11110237 -11110221
i0
-5570 -5570 -5570
i1
11114227 11114227 11247210
i2
-11110227 -11110227 -11110210
i0
-5591 -5591 -5591
i1
11114216 11114216 11247200
i2
-11110216 -11110216 -11110200
i0
-5612 -5612 -5612
i1
11114206 11114206 11247189
i2
-11110206 -11110206 -11110189
i0
-5634 -5634 -5634
i1
11114195 11114195 11247178
i2
-11110195 -11110195 -11110178
i0
-5655 -5655 -5655
i1
11114185 11114185 11247168
i2
-11110185 -11110185 -11110168
i0
-5676 -5676 -5676
i1
11114174 11114174 11247157
i2
-11110174 -11110174 -11110157
i0
-5698 -5698 -5698
i1
11114163 11114163 11247146
i2
-11110163 -11110163 -11110146
i0
-5719 -5719 -5719
i1
11114153 11114153 11247136
i2
-11110153 -11110153 -11110136
i0
-5740 -5740 -5740
i1
11114142 11114142 11247125
i2
-11110142 -11110142 -11110125
i0
-5762 -5762 -5762
i1
11114131 11114131 11247114
i2
-11110131 -11110131 -11110114
i0
-5783 -5783 -5783
i1
11114121 11114121 11247103
i2
-11110121 -11110121 -11110103
i0
-5805 -5805 -5805
i1
11114110 11114110 11247093
i2
-11110110 -11110110 -11110093
i0
-5827 -5827 -5827
i1
11114099 11114099 11247082
i2
-11110099 -11110099 -11110082
i0
-5848 -5848 -5848
i1
11114088 11114088 11247071
i2
-11110088 -11110088 -11110071
i0
-5870 -5870 -5870
i1
11114078 11114078 11247060
i2
-11110078 -11110078 -11110060
i0
-5891 -5891 -5891
i1
11114067 11114067 11247049
i2
-11110067 -11110067 -11110049
i0
-5913 -5913 -5913
i1
11114056 11114056 11247038
i2
-11110056 -11110056 -11110038
i0
-5935 -5935 -5935
i1
11114045 11114045 11247027
i2
-11110045 -11110045 -11110027
i0
-5957 -5957 -5957
i1
11114034 11114034 11247017
i2
-11110034 -11110034 -11110017
i0
-5979 -5979 -5979
i1
11114023 11114023 11247006
i2
-11110023 -11110023 -11110006
i0
-6001 -6001 -6001
i1
11114012 11114012 11246995
i2
-11110012 -11110012 -11109995
i0
-6023 -6023 -6023
i1
11114002 11114002 11246984
i2
-11110002 -11110002 -11109984
i0
-6045 -6045 -6045
i1
11113991 11113991 11246973
i2
-11109991 -11109991 -11109973
i0
-6067 -6067 -6067
i1
11113980 11113980 11246962
i2
-11109980 -11109980 -11109962
i0
-6089 -6089 -6089
i1
11113969 11113969 11246951
i2
-11109969 -11109969 -11109951
i0
-6111 -6111 -6111
i1
11113958 11113958 11246939
i2
-11109958 -11109958 -11109939
i0
-6133 -6133 -6133
i1
11113947 11113947 11246928
i2
-11109947 -11109947 -11109928
i0
-6155 -6155 -6155
i1
11113936 11113936 11246917
i2
-11109936 -11109936 -11109917
i0
-6177 -6177 -6177
i1
11113925 11113925 11246906
i2
-11109925 -11109925 -11109906
i0
-6200 -6200 -6200
i1
11113913 11113913 11246895
i2
-11109913 -11109913 -11109895
i0
-6222 -6222 -6222
i1
11113902 11113902 11246884
i2
-11109902 -11109902 -11109884
i0
-6244 -6244 -6244
i1
11113891 11113891 11246873
i2
-11109891 -11109891 -11109873
i0
-6267 -6267 -6267
i1
11113880 11113880 11246861
i2
-11109880 -11109880 -11109861
i0
-6289 -6289 -6289
i1
11113869 11113869 11246850
i2
-11109869 -11109869 -11109850
i0
-6311 -6311 -6311
i1
11113858 11113858 11246839
i2
-11109858 -11109858 -11109839
i0
-6334 -6334 -6334
i1
11113847 11113847 11246828
i2
-11109847 -11109847 -11109828
i0
-6357 -6357 -6357
i1
11113835 11113835 11246816
i2
-11109835 -11109835 -11109816
i0
-6379 -6379 -6379
i1
11113824 11113824 11246805
i2
-11109824 -11109824 -11109805
i0
-6402 -6402 -6402
i1
11113813 11113813 11246794
i2
-11109813 -11109813 -11109794
i0
-6424 -6424 -6424
i1
11113801 11113801 11246782
i2
-11109801 -11109801 -11109782
i0
-6447 -6447 -6447
i1
11113790 11113790 11246771
i2
-11109790 -11109790 -11109771
i0
-6470 -6470 -6470
i1
11113779 11113779 11246760
i2
-11109779 -11109779 -11109760
i0
-6493 -6493 -6493
i1
11113768 11113768 11246748
i2
-11109768 -11109768 -11109748
i0
-6515 -6515 -6515
i1
11113756 11113756 11246737
i2
-11109756 -11109756 -11109737
i0
-6538 -6538 -6538
i1
11113745 11113745 11246725
i2
-11109745 -11109745 -11109725
i0
-6561 -6561 -6561
i1
11113733 11113733 11246714
i2
-11109733 -11109733 -11109714
i0
-6584 -6584 -6584
i1
11113722 11113722 11246702
i2
-11109722 -11109722 -11109702
i0
-6607 -6607 -6607
i1
11113711 11113711 11246691
i2
-11109711 -11109711 -11109691
i0
-6630 -6630 -6630
i1
11113699 11113699 11246679
i2
-11109699 -11109699 -11109679
i0
-6653 -6653 -6653
i1
11113688 11113688 11246668
i2
-11109688 -11109688 -11109668
i0
-6676 -6676 -6676
i1
11113676 11113676 11246656
i2
-11109676 -11109676 -11109656
i0
-6699 -6699 -6699
i1
11113665 11113665 11246645
i2
-11109665 -11109665 -11109645
i0
-6723 -6723 -6723
i1
11113653 11113653 11246633
i2
-11109653 -11109653 -11109633
i0
-6746 -6746 -6746
i1
11113641 11113641 11246621
i2
-11109641 -11109641 -11109621
i0
-6769 -6769 -6769
i1
11113630 11113630 11246610
i2
-11109630 -11109630 -11109610
i0
-6792 -6792 -6792
i1
11113618 11113618 11246598
i2
-11109618 -11109618 -11109598
i0
-6816 -6816 -6816
i1
11113607 11113607 11246586
i2
-11109607 -11109607 -11109586
i0
-6839 -6839 -6839
i1
11113595 11113595 11246575
i2
-11109595 -11109595 -11109575
i0
-6863 -6863 -6863
i1
11113583 11113583 11246563
i2
-11109583 -11109583 -11109563
i0
-6886 -6886 -6886
i1
11113572 11113572 11246551
i2
-11109572 -11109572 -11109551
i0
-6910 -6910 -6910
i1
11113560 11113560 11246539
i2
-11109560 -11109560 -11109539
i0
-6933 -6933 -6933
i1
11113548 11113548 11246528
i2
-11109548 -11109548 -11109528
i0
-6957 -6957 -6957
i1
11113536 11113536 11246516
i2
-11109536 -11109536 -11109516
i0
-6980 -6980 -6980
i1
11113525 11113525 11246504
i2
-11109525 -11109525 -11109504
i0
-7004 -7004 -7004
i1
11113513 11113513 11246492
i2
-11109513 -11109513 -11109492
i0
-7028 -7028 -7028
i1
11113501 11113501 11246480
i2
-11109501 -11109501 -11109480
i0
-7051 -7051 -7051
i1
11113489 11113489 11246468
i2
-11109489 -11109489 -11109468
i0
-7075 -7075 -7075
i1
11113477 11113477 11246456
i2
-11109477 -11109477 -11109456
i0
-7099 -7099 -7099
i1
11113466 11113466 11246444
i2
-11109466 -11109466 -11109444
i0
-7123 -7123 -7123
i1
11113454 11113454 11246433
i2
-11109454 -11109454 -11109433
i0
-7147 -7147 -7147
i1
11113442 11113442 11246421
i2
-11109442 -11109442 -11109421
i0
-7171 -7171 -7171
i1
11113430 11113430 11246409
i2
-11109430 -11109430 -11109409
i0
-7195 -7195 -7195
i1
11113418 11113418 11246397
i2
-11109418 -11109418 -11109397
i0
-7219 -7219 -7219
i1
11113406 11113406 11246385
i2
-11109406 -11109406 -11109385
i0
-7243 -7243 -7243
i1
11113394 11113394 11246372
i2
-11109394 -11109394 -11109372
i0
-7267 -7267 -7267
i1
11113382 11113382 11246360
i2
-11109382 -11109382 -11109360
i0
-7291 -7291 -7291
i1
11113370 11113370 11246348
i2
-11109370 -11109370 -11109348
i0
-7315 -7315 -7315
i1
11113358 11113358 11246336
i2
-11109358 -11109358 -11109336
i0
-7340 -7340 -7340
i1
11113346 11113346 11246324
i2
-11109346 -11109346 -11109324
i0
-7364 -7364 -7364
i1
11113334 11113334 11246312
i2
-11109334 -11109334 -11109312
i0
-7388 -7388 -7388
i1
11113322 11113322 11246300
i2
-11109322 -11109322 -11109300
i0
-7412 -7412 -7412
i1
11113310 11113310 11246288
i2
-11109310 -11109310 -11109288
i0
-7437 -7437 -7437
i1
11113297 11113297 11246275
i2
-11109297 -11109297 -11109275
i0
-7461 -7461 -7461
i1
11113285 11113285 11246263
i2
-11109285 -11109285 -11109263
i0
-7486 -7486 -7486
i1
11113273 11113273 11246251
i2
-11109273 -11109273 -11109251
i0
-7510 -7510 -7510
i1
11113261 11113261 11246239
i2
-11109261 -11109261 -11109239
i0
-7535 -7535 -7535
i1
11113249 11113249 11246226
i2
-11109249 -11109249 -11109226
i0
-7559 -7559 -7559
i1
11113236 11113236 11246214
i2
-11109236 -11109236 -11109214
i0
-7584 -7584 -7584
i1
11113224 11113224 11246202
i2
-11109224 -11109224 -11109202
i0
-7609 -7609 -7609
i1
11113212 11113212 11246189
i2
-11109212 -11109212 -11109189
i0
-7633 -7633 -7633
i1
11113200 11113200 11246177
i2
-11109200 -11109200 -11109177
i0
-7658 -7658 -7658
i1
11113187 11113187 11246165
i2
-11109187 -11109187 -11109165
i0
-7683 -7683 -7683
i1
11113175 11113175 11246152
i2
-11109175 -11109175 -11109152
i0
-7708 -7708 -7708
i1
11113163 11113163 11246140
i2
-11109163 -11109163 -11109140
i0
-7733 -7733 -7733
i1
11113150 11113150 11246127
i2
-11109150 -11109150 -11109127
i0
-7758 -7758 -7758
i1
11113138 11113138 11246115
i2
-11109138 -11109138 -11109115
i0
-7782 -7782 -7782
i1
11113125 11113125 11246102
i2
-11109125 -11109125 -11109102
i0
-7807 -7807 -7807
i1
11113113 11113113 11246090
i2
-11109113 -11109113 -11109090
i0
-7832 -7832 -7832
i1
11113101 11113101 11246077
i2
-11109101 -11109101 -11109077
i0
-7858 -7858 -7858
i1
11113088 11113088 11246065
i2
-11109088 -11109088 -11109065
i0
-7883 -7883 -7883
i1
11113076 11113076 11246052
i2
-11109076 -11109076 -11109052
i0
-7908 -7908 -7908
i1
11113063 11113063 11246039
i2
-11109063 -11109063 -11109039
i0
-7933 -7933 -7933
i1
11113050 11113050 11246027
i2
-11109050 -11109050 -11109027
i0
-7958 -7958 -7958
i1
11113038 11113038 11246014
i2
-11109038 -11109038 -11109014
i0
-7983 -7983 -7983
i1
11113025 11113025 11246002
i2
-11109025 -11109025 -11109002
i0
-8009 -8009 -8009
i1
11113013 11113013 11245989
i2
-11109013 -11109013 -11108989
i0
-8034 -8034 -8034
i1
11113000 11113000 11245976
i2
-11109000 -11109000 -11108976
i0
-8060 -8060 -8060
i1
11112987 11112987 11245963
i2
-11108987 -11108987 -11108963
i0
-8085 -8085 -8085
i1
11112975 11112975 11245951
i2
-11108975 -11108975 -11108951
i0
-8110 -8110 -8110
i1
11112962 11112962 11245938
i2
-11108962 -11108962 -11108938
i0
-8136 -8136 -8136
i1
11112949 11112949 11245925
i2
-11108949 -11108949 -11108925
i0
-8161 -8161 -8161
i1
11112937 11112937 11245912
i2
-11108937 -11108937 -11108912
i0
-8187 -8187 -8187
i1
11112924 11112924 11245900
i2
-11108924 -11108924 -11108900
i0
-8213 -8213 -8213
i1
11112911 11112911 11245887
i2
-11108911 -11108911 -11108887
i0
-8238 -8238 -8238
i1
11112898 11112898 11245874
i2
-11108898 -11108898 -11108874
i0
-8264 -8264 -8264
i1
11112886 11112886 11245861
i2
-11108886 -11108886 -11108861
i0
-8290 -8290 -8290
i1
11112873 11112873 11245848
i2
-11108873 -11108873 -11108848
i0
-8316 -8316 -8316
i1
11112860 11112860 11245835
i2
-11108860 -11108860 -11108835
i0
-8341 -8341 -8341
i1
11112847 11112847 11245822
i2
-11108847 -11108847 -11108822
i0
-8367 -8367 -8367
i1
11112834 11112834 11245809
i2
-11108834 -11108834 -11108809
i0
-8393 -8393 -8393
i1
11112821 11112821 11245796
i2
-11108821 -11108821 -11108796
i0
-8419 -8419 -8419
i1
11112808 11112808 11245783
i2
-11108808 -11108808 -11108783
i0
-8445 -8445 -8445
i1
11112796 11112796 11245770
i2
-11108796 -11108796 -11108770
i0
-8471 -8471 -8471
i1
11112783 11112783 11245757
i2
-11108783 -11108783 -11108757
i0
-8497 -8497 -8497
i1
11112770 11112770 11245744
i2
-11108770 -11108770 -11108744
i0
-8523 -8523 -8523
i1
11112757 11112757 11245731
i2
-11108757 -11108757 -11108731
i0
-8550 -8550 -8550
i1
11112744 11112744 11245718
i2
-11108744 -11108744 -11108718
i0
-8576 -8576 -8576
i1
11112731 11112731 11245705
i2
-11108731 -11108731 -11108705
i0
-8602 -8602 -8602
i1
11112717 11112717 11245692
i2
-11108717 -11108717 -11108692
i0
-8628 -8628 -8628
i1
11112704 11112704 11245679
i2
-11108704 -11108704 -11108679
i0
-8655 -8655 -8655
i1
11112691 11112691 11245666
i2
-11108691 -11108691 -11108666
i0
-8681 -8681 -8681
i1
11112678 11112678 11245652
i2
-11108678 -11108678 -11108652
i0
-8707 -8707 -8707
i1
11112665 11112665 11245639
i2
-11108665 -11108665 -11108639
i0
-8734 -8734 -8734
i1
11112652 11112652 11245626
i2
-11108652 -11108652 -11108626
i0
-8760 -8760 -8760
i1
11112639 11112639 11245613
i2
-11108639 -11108639 -11108613
i0
-8787 -8787 -8787
i1
11112626 11112626 11245599
i2
-11108626 -11108626 -11108599
i0
-8813 -8813 -8813
i1
11112612 11112612 11245586
i2
-11108612 -11108612 -11108586
i0
-8840 -8840 -8840
i1
11112599 11112599 11245573
i2
-11108599 -11108599 -11108573
i0
-8866 -8866 -8866
i1
11112586 11112586 11245559
i2
-11108586 -11108586 -11108559
i0
-8893 -8893 -8893
i1
11112573 11112573 11245546
i2
-11108573 -11108573 -11108546
i0
-8920 -8920 -8920
i1
11112559 11112559 11245533
i2
-11108559 -11108559 -11108533
i0
-8947 -8947 -8947
i1
11112546 11112546 11245519
i2
-11108546 -11108546 -11108519
i0
-8973 -8973 -8973
i1
11112533 11112533 11245506
i2
-11108533 -11108533 -11108506
i0
-9000 -9000 -9000
i1
11112519 11112519 11245492
i2
-11108519 -11108519 -11108492
i0
-9027 -9027 -9027
i1
11112506 11112506 11245479
i2
-11108506 -11108506 -11108479
i0
-9054 -9054 -9054
i1
11112492 11112492 11245465
i2
-11108492 -11108492 -11108465
i0
-9081 -9081 -9081
i1
11112479 11112479 11245452
i2
-11108479 -11108479 -11108452
i0
-9108 -9108 -9108
i1
11112466 11112466 11245438
i2
-11108466 -11108466 -11108438
i0
-9135 -9135 -9135
i1
11112452 11112452 11245425
i2
-11108452 -11108452 -11108425
i0
-9162 -9162 -9162
i1
11112439 11112439 11245411
i2
-11108439 -11108439 -11108411
i0
-9189 -9189 -9189
i1
11112425 11112425 11245398
i2
-11108425 -11108425 -11108398
i0
-9216 -9216 -9216
i1
11112412 11112412 11245384
i2
-11108412 -11108412 -11108384
i0
-9244 -9244 -9244
i1
11112398 11112398 11245371
i2
-11108398 -11108398 -11108371
i0
-9271 -9271 -9271
i1
11112385 11112385 11245357
i2
-11108385 -11108385 -11108357
i0
-9298 -9298 -9298
i1
11112371 11112371 11245343
i2
-11108371 -11108371 -11108343
i0
-9325 -9325 -9325
i1
11112357 11112357 11245330
i2
-11108357 -11108357 -11108330
i0
-9353 -9353 -9353
i1
11112344 11112344 11245316
i2
-11108344 -11108344 -11108316
i0
-9380 -9380 -9380
i1
11112330 11112330 11245302
i2
-11108330 -11108330 -11108302
i0
-9408 -9408 -9408
i1
11112316 11112316 11245288
i2
-11108316 -11108316 -11108288
i0
-9435 -9435 -9435
i1
11112303 11112303 11245275
i2
-11108303 -11108303 -11108275
i0
-9463 -9463 -9463
i1
11112289 11112289 11245261
i2
-11108289 -11108289 -11108261
i0
-9490 -9490 -9490
i1
11112275 11112275 11245247
i2
-11108275 -11108275 -11108247
i0
-9518 -9518 -9518
i1
11112262 11112262 11245233
i2
-11108262 -11108262 -11108233
i0
-9545 -9545 -9545
i1
11112248 11112248 11245219
i2
-11108248 -11108248 -11108219
i0
-9573 -9573 -9573
i1
11112234 11112234 11245206
i2
-11108234 -11108234 -11108206
i0
-9601 -9601 -9601
i1
11112220 11112220 11245192
i2
-11108220 -11108220 -11108192
i0
-9628 -9628 -9628
i1
11112207 11112207 11245178
i2
-11108207 -11108207 -11108178
i0
-9656 -9656 -9656
i1
11112193 11112193 11245164
i2
-11108193 -11108193 -11108164
i0
-9684 -9684 -9684
i1
11112179 11112179 11245150
i2
-11108179 -11108179 -11108150
i0
-9712 -9712 -9712
i1
11112165 11112165 11245136
i2
-11108165 -11108165 -11108136
i0
-9740 -9740 -9740
i1
11112151 11112151 11245122
i2
-11108151 -11108151 -11108122
i0
-9768 -9768 -9768
i1
11112137 11112137 11245108
i2
-11108137 -11108137 -11108108
i0
-9796 -9796 -9796
i1
11112123 11112123 11245094
i2
-11108123 -11108123 -11108094
i0
-9824 -9824 -9824
i1
11112109 11112109 11245080
i2
-11108109 -11108109 -11108080
i0
-9852 -9852 -9852
i1
11112095 11112095 11245066
i2
-11108095 -11108095 -11108066
i0
-9880 -9880 -9880
i1
11112081 11112081 11245052
i2
-11108081 -11108081 -11108052
i0
-9908 -9908 -9908
i1
11112067 11112067 11245038
i2
-11108067 -11108067 -11108038
i0
-9936 -9936 -9936
i1
11112053 11112053 11245024
i2
-11108053 -11108053 -11108024
i0
-9965 -9965 -9965
i1
11112039 11112039 11245010
i2
-11108039 -11108039 -11108010
i0
-9993 -9993 -9993
i1
11112025 11112025 11244995
i2
-11108025 -11108025 -11107995
i0
-10021 -10021 -10021
i1
11112011 11112011 11244981
i2
-11108011 -11108011 -11107981
i0
-10050 -10050 -10050
i1
11111997 11111997 11244967
i2
-11107997 -11107997 -11107967
i0
-10078 -10078 -10078
i1
11111983 11111983 11244953
i2
-11107983 -11107983 -11107953
i0
-10106 -10106 -10106
i1
11111969 11111969 11244939
i2
-11107969 -11107969 -11107939
i0
-10135 -10135 -10135
i1
11111954 11111954 11244924
i2
-11107954 -11107954 -11107924
i0
-10163 -10163 -10163
i1
11111940 11111940 11244910
i2
-11107940 -11107940 -11107910
i0
-10192 -10192 -10192
i1
11111926 11111926 11244896
i2
-11107926 -11107926 -11107896
i0
-10221 -10221 -10221
i1
11111912 11111912 11244881
i2
-11107912 -11107912 -11107881
i0
-10249 -10249 -10249
i1
11111898 11111898 11244867
i2
-11107898 -11107898 -11107867
i0
-10278 -10278 -10278
i1
11111883 11111883 11244853
i2
-11107883 -11107883 -11107853
i0
-10307 -10307 -10307
i1
11111869 11111869 11244838
i2
-11107869 -11107869 -11107838
i0
-10335 -10335 -10335
i1
11111855 11111855 11244824
i2
-11107855 -11107855 -11107824
i0
-10364 -10364 -10364
i1
11111840 11111840 11244809
i2
-11107840 -11107840 -11107809
i0
-10393 -10393 -10393
i1
11111826 11111826 11244795
i2
-11107826 -11107826 -11107795
i0
-10422 -10422 -10422
i1
11111812 11111812 11244781
i2
-11107812 -11107812 -11107781
i0
-10451 -10451 -10451
i1
11111797 11111797 11244766
i2
-11107797 -11107797 -11107766
i0
-10480 -10480 -10480
i1
11111783 11111783 11244752
i2
-11107783 -11107783 -11107752
i0
-10509 -10509 -10509
i1
11111768 11111768 11244737
i2
-11107768 -11107768 -11107737
i0
-10538 -10538 -10538
i1
11111754 11111754 11244723
i2
-11107754 -11107754 -11107723
i0
-10567 -10567 -10567
i1
11111739 11111739 11244708
i2
-11107739 -11107739 -11107708
i0
-10596 -10596 -10596
i1
11111725 11111725 11244693
i2
-11107725 -11107725 -11107693
i0
-10625 -10625 -10625
i1
11111710 11111710 11244679
i2
-11107710 -11107710 -11107679
i0
-10654 -10654 -10654
i1
11111696 11111696 11244664
i2
-11107696 -11107696 -11107664
i0
-10683 -10683 -10683
i1
11111681 11111681 11244650
i2
-11107681 -11107681 -11107650
i0
-10713 -10713 -10713
i1
11111667 11111667 11244635
i2
-11107667 -11107667 -11107635
i0
-10742 -10742 -10742
i1
11111652 11111652 11244620
i2
-11107652 -11107652 -11107620
i0
-10771 -10771 -10771
i1
11111638 11111638 11244605
i2
-11107638 -11107638 -11107605
i0
-10801 -10801 -10801
i1
11111623 11111623 11244591
i2
-11107623 -11107623 -11107591
i0
-10830 -10830 -10830
i1
11111608 11111608 11244576
i2
-11107608 -11107608 -11107576
i0
-10860 -10860 -10860
i1
11111594 11111594 11244561
i2
-11107594 -11107594 -11107561
i0
-10889 -10889 -10889
i1
11111579 11111579 11244546
i2
-11107579 -11107579 -11107546
i0
-10919 -10919 -10919
i1
11111564 11111564 11244532
i2
-11107564 -11107564 -11107532
i0
-10948 -10948 -10948
i1
11111549 11111549 11244517
i2
-11107549 -11107549 -11107517
i0
-10978 -10978 -10978
i1
11111535 11111535 11244502
i2
-11107535 -11107535 -11107502
i0
-11008 -11008 -11008
i1
11111520 11111520 11244487
i2
-11107520 -11107520 -11107487
i0
-11037 -11037 -11037
i1
11111505 11111505 11244472
i2
-11107505 -11107505 -11107472
i0
-11067 -11067 -11067
i1
11111490 11111490 11244457
i2
-11107490 -11107490 -11107457
i0
-11097 -11097 -11097
i1
11111476 11111476 11244442
i2
-11107476 -11107476 -11107442
i0
-11127 -11127 -11127
i1
11111461 11111461 11244428
i2
-11107461 -11107461 -11107428
i0
-11157 -11157 -11157
i1
11111446 11111446 11244413
i2
-11107446 -11107446 -11107413
i0
-11187 -11187 -11187
i1
11111431 11111431 11244398
i2
-11107431 -11107431 -11107398
i0
-11217 -11217 -11217
i1
11111416 11111416 11244383
i2
-11107416 -11107416 -11107383
i0
-11247 -11247 -11247
i1
11111401 11111401 11244368
i2
-11107401 -11107401 -11107368
i0
-11277 -11277 -11277
i1
11111386 11111386 11244353
i2
-11107386 -11107386 -11107353
i0
-11307 -11307 -11307
i1
11111371 11111371 11244337
i2
-11107371 -11107371 -11107337
i0
-11337 -11337 -11337
i1
11111356 11111356 11244322
i2
-11107356 -11107356 -11107322
i0
-11367 -11367 -11367
i1
11111341 11111341 11244307
i2
-11107341 -11107341 -11107307
i0
-11397 -11397 -11397
i1
11111326 11111326 11244292
i2
-11107326 -11107326 -11107292
i0
-11427 -11427 -11427
i1
11111311 11111311 11244277
i2
-11107311 -11107311 -11107277
i0
-11458 -11458 -11458
i1
11111296 11111296 11244262
i2
-11107296 -11107296 -11107262
i0
-11488 -11488 -11488
i1
11111281 11111281 11244247
i2
-11107281 -11107281 -11107247
i0
-11518 -11518 -11518
i1
11111266 11111266 11244231
i2
-11107266 -11107266 -11107231
i0
-11549 -11549 -11549
i1
11111251 11111251 11244216
i2
-11107251 -11107251 -11107216
i0
-11579 -11579 -11579
i1
11111235 11111235 11244201
i2
-11107235 -11107235 -11107201
i0
-11610 -11610 -11610
i1
11111220 11111220 11244186
i2
-11107220 -11107220 -11107186
i0
-11640 -11640 -11640
i1
11111205 11111205 11244170
i2
-11107205 -11107205 -11107170
i0
-11671 -11671 -11671
i1
11111190 11111190 11244155
i2
-11107190 -11107190 -11107155
i0
-11701 -11701 -11701
i1
11111175 11111175 11244140
i2
-11107175 -11107175 -11107140
i0
-11732 -11732 -11732
i1
11111159 11111159 11244124
i2
-11107159 -11107159 -11107124
i0
-11763 -11763 -11763
i1
11111144 11111144 11244109
i2
-11107144 -11107144 -11107109
i0
-11793 -11793 -11793
i1
11111129 11111129 11244094
i2
-11107129 -11107129 -11107094
i0
-11824 -11824 -11824
i1
11111114 11111114 11244078
i2
-11107114 -11107114 -11107078
i0
-11855 -11855 -11855
i1
11111098 11111098 11244063
i2
-11107098 -11107098 -11107063
i0
-11886 -11886 -11886
i1
11111083 11111083 11244047
i2
-11107083 -11107083 -11107047
i0
-11917 -11917 -11917
i1
11111068 11111068 11244032
i2
-11107068 -11107068 -11107032
i0
-11948 -11948 -11948
i1
11111052 11111052 11244017
i2
-11107052 -11107052 -11107017
i0
-11979 -11979 -11979
i1
11111037 11111037 11244001
i2
-11107037 -11107037 -11107001
i0
-12010 -12010 -12010
i1
11111021 11111021 11243986
i2
-11107021 -11107021 -11106986
i0
-12041 -12041 -12041
i1
11111006 11111006 11243970
i2
-11107006 -11107006 -11106970
i0
-12072 -12072 -12072
i1
11110990 11110990 11243954
i2
-11106990 -11106990 -11106954
i0
-12103 -12103 -12103
i1
11110975 11110975 11243939
i2
-11106975 -11106975 -11106939
i0
-12134 -12134 -12134
i1
11110959 11110959 11243923
i2
-11106959 -11106959 -11106923
i0
-12165 -12165 -12165
i1
11110944 11110944 11243908
i2
-11106944 -11106944 -11106908
i0
-12196 -12196 -12196
i1
11110928 11110928 11243892
i2
-11106928 -11106928 -11106892
i0
-12228 -12228 -12228
i1
11110913 11110913 11243876
i2
-11106913 -11106913 -11106876
i0
-12259 -12259 -12259
i1
11110897 11110897 11243861
i2
-11106897 -11106897 -11106861
i0
-12290 -12290 -12290
i1
11110882 11110882 11243845
i2
-11106882 -11106882 -11106845
i0
-12322 -12322 -12322
i1
11110866 11110866 11243829
i2
-11106866 -11106866 -11106829
i0
-12353 -12353 -12353
i1
11110850 11110850 11243813
i2
-11106850 -11106850 -11106813
i0
-12385 -12385 -12385
i1
11110835 11110835 11243798
i2
-11106835 -11106835 -11106798
i0
-12416 -12416 -12416
i1
11110819 11110819 11243782
i2
-11106819 -11106819 -11106782
i0
-12448 -12448 -12448
i1
11110803 11110803 11243766
i2
-11106803 -11106803 -11106766
i0
-12479 -12479 -12479
i1
11110787 11110787 11243750
i2
-11106787 -11106787 -11106750
i0
-12511 -12511 -12511
i1
11110772 11110772 11243734
i2
-11106772 -11106772 -11106734
i0
-12543 -12543 -12543
i1
11110756 11110756 11243719
i2
-11106756 -11106756 -11106719
i0
-12574 -12574 -12574
i1
11110740 11110740 11243703
i2
-11106740 -11106740 -11106703
i0
-12606 -12606 -12606
i1
11110724 11110724 11243687
i2
-11106724 -11106724 -11106687
i0
-12638 -12638 -12638
i1
11110708 11110708 11243671
i2
-11106708 -11106708 -11106671
i0
-12670 -12670 -12670
i1
11110693 11110693 11243655
i2
-11106693 -11106693 -11106655
i0
-12702 -12702 -12702
i1
11110677 11110677 11243639
i2
-11106677 -11106677 -11106639
i0
-12734 -12734 -12734
i1
11110661 11110661 11243623
i2
-11106661 -11106661 -11106623
i0
-12766 -12766 -12766
i1
11110645 11110645 11243607
i2
-11106645 -11106645 -11106607
i0
-12798 -12798 -12798
i1
11110629 11110629 11243591
i2
-11106629 -11106629 -11106591
i0
-12830 -12830 -12830
i1
11110613 11110613 11243575
i2
-11106613 -11106613 -11106575
i0
-12862 -12862 -12862
i1
11110597 11110597 11243559
i2
-11106597 -11106597 -11106559
i0
-12894 -12894 -12894
i1
11110581 11110581 11243543
i2
-11106581 -11106581 -11106543
i0
-12926 -12926 -12926
i1
11110565 11110565 11243527
i2
-11106565 -11106565 -11106527
i0
-12958 -12958 -12958
i1
11110549 11110549 11243511
i2
-11106549 -11106549 -11106511
i0
-12991 -12991 -12991
i1
11110533 11110533 11243494
i2
-11106533 -11106533 -11106494
i0
-13023 -13023 -13023
i1
11110517 11110517 11243478
i2
-11106517 -11106517 -11106478
i0
-13055 -13055 -13055
i1
11110501 11110501 11243462
i2
-11106501 -11106501 -11106462
i0
-13087 -13087 -13087
i1
11110485 11110485 11243446
i2
-11106485 -11106485 -11106446
i0
-13120 -13120 -13120
i1
11110469 11110469 11243430
i2
-11106469 -11106469 -11106430
i0
-13152 -13152 -13152
i1
11110453 11110453 11243413
i2
-11106453 -11106453 -11106413
i0
-13185 -13185 -13185
i1
11110436 11110436 11243397
i2
-11106436 -11106436 -11106397
i0
-13217 -13217 -13217
i1
11110420 11110420 11243381
i2
-11106420 -11106420 -11106381
i0
-13250 -13250 -13250
i1
11110404 11110404 11243364
i2
-11106404 -11106404 -11106364
i0
-13283 -13283 -13283
i1
11110388 11110388 11243348
i2
-11106388 -11106388 -11106348
i0
-13315 -13315 -13315
i1
11110371 11110371 11243332
i2
-11106371 -11106371 -11106332
i0
-13348 -13348 -13348
i1
11110355 11110355 11243315
i2
-11106355 -11106355 -11106315
i0
-13381 -13381 -13381
i1
11110339 11110339 11243299
i2
-11106339 -11106339 -11106299
i0
-13413 -13413 -13413
i1
11110323 11110323 11243283
i2
-11106323 -11106323 -11106283
i0
-13446 -13446 -13446
i1
11110306 11110306 11243266
i2
-11106306 -11106306 -11106266
i0
-13479 -13479 -13479
i1
11110290 11110290 11243250
i2
-11106290 -11106290 -11106250
i0
-13512 -13512 -13512
i1
11110274 11110274 11243233
i2
-11106274 -11106274 -11106233
i0
-13545 -13545 -13545
i1
11110257 11110257 11243217
i2
-11106257 -11106257 -11106217
i0
-13578 -13578 -13578
i1
11110241 11110241 11243200
i2
-11106241 -11106241 -11106200
i0
-13611 -13611 -13611
i1
11110224 11110224 11243184
i2
-11106224 -11106224 -11106184
i0
-13644 -13644 -13644
i1
11110208 11110208 11243167
i2
-11106208 -11106208 -11106167
i0
-13677 -13677 -13677
i1
11110191 11110191 11243151
i2
-11106191 -11106191 -11106151
i0
-13710 -13710 -13710
i1
11110175 11110175 11243134
i2
-11106175 -11106175 -11106134
i0
-13743 -13743 -13743
i1
11110158 11110158 11243117
i2
-11106158 -11106158 -11106117
i0
-13776 -13776 -13776
i1
11110142 11110142 11243101
i2
-11106142 -11106142 -11106101
i0
-13810 -13810 -13810
i1
11110125 11110125 11243084
i2
-11106125 -11106125 -11106084
i0
-13843 -13843 -13843
i1
11110109 11110109 11243068
i2
-11106109 -11106109 -11106068
i0
-13876 -13876 -13876
i1
11110092 11110092 11243051
i2
-11106092 -11106092 -11106051
i0
-13910 -13910 -13910
i1
11110076 11110076 11243034
i2
-11106076 -11106076 -11106034
i0
-13943 -13943 -13943
i1
11110059 11110059 11243017
i2
-11106059 -11106059 -11106017
i0
-13976 -13976 -13976
i1
11110042 11110042 11243001
i2
-11106042 -11106042 -11106001
i0
-14010 -14010 -14010
i1
11110026 11110026 11242984
i2
-11106026 -11106026 -11105984
i0
-14043 -14043 -14043
i1
11110009 11110009 11242967
i2
-11106009 -11106009 -11105967
i0
-14077 -14077 -14077
i1
11109992 11109992 11242950
i2
-11105992 -11105992 -11105950
i0
-14111 -14111 -14111
i1
11109976 11109976 11242934
i2
-11105976 -11105976 -11105934
i0
-14144 -14144 -14144
i1
11109959 11109959 11242917
i2
-11105959 -11105959 -11105917
i0
-14178 -14178 -14178
i1
11109942 11109942 11242900
i2
-11105942 -11105942 -11105900
i0
-14212 -14212 -14212
i1
11109925 11109925 11242883
i2
-11105925 -11105925 -11105883
i0
-14246 -14246 -14245
i1
11109908 11109908 11242866
i2
-11105908 -11105908 -11105866
i0
-14279 -14279 -14279
i1
11109892 11109892 11242849
i2
-11105892 -11105892 -11105849
i0
-14313 -14313 -14313
i1
11109875 11109875 11242832
i2
-11105875 -11105875 -11105832
i0
-14347 -14347 -14347
i1
11109858 11109858 11242815
i2
-11105858 -11105858 -11105815
i0
-14381 -14381 -14381
i1
11109841 11109841 11242798
i2
-11105841 -11105841 -11105798
i0
-14415 -14415 -14415
i1
11109824 11109824 11242781
i2
-11105824 -11105824 -11105781
i0
-14449 -14449 -14449
i1
11109807 11109807 11242764
i2
-11105807 -11105807 -11105764
i0
-14483 -14483 -14483
i1
11109790 11109790 11242747
i2
-11105790 -11105790 -11105747
i0
-14517 -14517 -14517
i1
11109773 11109773 11242730
i2
-11105773 -11105773 -11105730
i0
-14551 -14551 -14551
i1
11109756 11109756 11242713
i2
-11105756 -11105756 -11105713
i0
-14585 -14585 -14585
i1
11109739 11109739 11242696
i2
-11105739 -11105739 -11105696
i0
-14620 -14620 -14620
i1
11109722 11109722 11242679
i2
-11105722 -11105722 -11105679
i0
-14654 -14654 -14654
i1
11109705 11109705 11242662
i2
-11105705 -11105705 -11105662
i0
-14688 -14688 -14688
i1
11109688 11109688 11242644
i2
-11105688 -11105688 -11105644
i0
-14722 -14722 -14722
i1
11109671 11109671 11242627
i2
-11105671 -11105671 -11105627
i0
-14757 -14757 -14757
i1
11109654 11109654 11242610
i2
-11105654 -11105654 -11105610
i0
-14791 -14791 -14791
i1
11109637 11109637 11242593
i2
-11105637 -11105637 -11105593
i0
-14826 -14826 -14826
i1
11109620 11109620 11242576
i2
-11105620 -11105620 -11105576
i0
-14860 -14860 -14860
i1
11109602 11109602 11242558
i2
-11105602 -11105602 -11105558
i0
-14895 -14895 -14895
i1
11109585 11109585 11242541
i2
-11105585 -11105585 -11105541
i0
-14929 -14929 -14929
i1
11109568 11109568 11242524
i2
-11105568 -11105568 -11105524
i0
-14964 -14964 -14964
i1
11109551 11109551 11242506
i2
-11105551 -11105551 -11105506
i0
-14999 -14999 -14999
i1
11109534 11109534 11242489
i2
-11105534 -11105534 -11105489
i0
-15033 -15033 -15033
i1
11109516 11109516 11242472
i2
-11105516 -11105516 -11105472
i0
-15068 -15068 -15068
i1
11109499 11109499 11242454
i2
-11105499 -11105499 -11105454
i0
-15103 -15103 -15103
i1
11109482 11109482 11242437
i2
-11105482 -11105482 -11105437
i0
-15138 -15138 -15138
i1
11109464 11109464 11242419
i2
-11105464 -11105464 -11105419
i0
-15172 -15172 -15172
i1
11109447 11109447 11242402
i2
-11105447 -11105447 -11105402
i0
-15207 -15207 -15207
i1
11109430 11109430 11242384
i2
-11105430 -11105430 -11105384
i0
-15242 -15242 -15242
i1
11109412 11109412 11242367
i2
-11105412 -11105412 -11105367
i0
-15277 -15277 -15277
i1
11109395 11109395 11242349
i2
-11105395 -11105395 -11105349
i0
-15312 -15312 -15312
i1
11109378 11109378 11242332
i2
-11105378 -11105378 -11105332
i0
-15347 -15347 -15347
i1
11109360 11109360 11242314
i2
-11105360 -11105360 -11105314
i0
-15382 -15382 -15382
i1
11109343 11109343 11242297
i2
-11105343 -11105343 -11105297
i0
-15417 -15417 -15417
i1
11109325 11109325 11242279
i2
-11105325 -11105325 -11105279
i0
-15453 -15453 -15453
i1
11109308 11109308 11242262
i2
-11105308 -11105308 -11105262
i0
-15488 -15488 -15488
i1
11109290 11109290 11242244
i2
-11105290 -11105290 -11105244
i0
-15523 -15523 -15523
i1
11109273 11109273 11242226
i2
-11105273 -11105273 -11105226
i0
-15558 -15558 -15558
i1
11109255 11109255 11242209
i2
-11105255 -11105255 -11105209
i0
-15594 -15594 -15594
i1
11109237 11109237 11242191
i2
-11105237 -11105237 -11105191
i0
-15629 -15629 -15629
i1
11109220 11109220 11242173
i2
-11105220 -11105220 -11105173
i0
-15665 -15665 -15665
i1
11109202 11109202 11242156
i2
-11105202 -11105202 -11105156
i0
-15700 -15700 -15700
i1
11109185 11109185 11242138
i2
-11105185 -11105185 -11105138
i0
-15735 -15735 -15735
i1
11109167 11109167 11242120
i2
-11105167 -11105167 -11105120
i0
-15771 -15771 -15771
i1
11109149 11109149 11242102
i2
-11105149 -11105149 -11105102
i0
-15807 -15807 -15807
i1
11109131 11109131 11242084
i2
-11105131 -11105131 -11105084
i0
-15842 -15842 -15842
i1
11109114 11109114 11242067
i2
-11105114 -11105114 -11105067
i0
-15878 -15878 -15878
i1
11109096 11109096 11242049
i2
-11105096 -11105096 -11105049
i0
-15914 -15914 -15914
i1
11109078 11109078 11242031
i2
-11105078 -11105078 -11105031
i0
-15949 -15949 -15949
i1
11109060 11109060 11242013
i2
-11105060 -11105060 -11105013
i0
-15985 -15985 -15985
i1
11109043 11109043 11241995
i2
-11105043 -11105043 -11104995
i0
-16021 -16021 -16021
i1
11109025 11109025 11241977
i2
-11105025 -11105025 -11104977
i0
-16057 -16057 -16057
i1
11109007 11109007 11241959
i2
-11105007 -11105007 -11104959
i0
-16093 -16093 -16093
i1
11108989 11108989 11241941
i2
-11104989 -11104989 -11104941
i0
-16129 -16129 -16129
i1
11108971 11108971 11241923
i2
-11104971 -11104971 -11104923
i0
-16165 -16165 -16165
i1
11108953 11108953 11241905
i2
-11104953 -11104953 -11104905
i0
-16201 -16201 -16201
i1
11108935 11108935 11241887
i2
-11104935 -11104935 -11104887
i0
-16237 -16237 -16237
i1
11108917 11108917 11241869
i2
-11104917 -11104917 -11104869
i0
-16273 -16273 -16273
i1
11108900 11108900 11241851
i2
-11104900 -11104900 -11104851
i0
-16309 -16309 -16309
i1
11108882 11108882 11241833
i2
-11104882 -11104882 -11104833
i0
-16345 -16345 -16345
i1
11108864 11108864 11241815
i2
-11104864 -11104864 -11104815
i0
-16381 -16381 -16381
i1
11108846 11108846 11241797
i2
-11104846 -11104846 -11104797
i0
-16417 -16417 -16417
i1
11108827 11108827 11241779
i2
-11104827 -11104827 -11104779
i0
-16454 -16454 -16454
i1
11108809 11108809 11241760
i2
-11104809 -11104809 -11104760
i0
-16490 -16490 -16490
i1
11108791 11108791 11241742
i2
-11104791 -11104791 -11104742
i0
-16526 -16526 -16526
i1
11108773 11108773 11241724
i2
-11104773 -11104773 -11104724
i0
-16563 -16563 -16563
i1
11108755 11108755 11241706
i2
-11104755 -11104755 -11104706
i0
-16599 -16599 -16599
i1
11108737 11108737 11241688
i2
-11104737 -11104737 -11104688
i0
-16636 -16636 -16636
i1
11108719 11108719 11241669
i2
-11104719 -11104719 -11104669
i0
-16672 -16672 -16672
i1
11108701 11108701 11241651
i2
-11104701 -11104701 -11104651
i0
-16709 -16709 -16709
i1
11108682 11108682 11241633
i2
-11104682 -11104682 -11104633
i0
-16746 -16746 -16746
i1
11108664 11108664 11241614
i2
-11104664 -11104664 -11104614
i0
-16782 -16782 -16782
i1
11108646 11108646 11241596
i2
-11104646 -11104646 -11104596
i0
-16819 -16819 -16819
i1
11108628 11108628 11241578
i2
-11104628 -11104628 -11104578
i0
-16856 -16856 -16856
i1
11108609 11108609 11241559
i2
-11104609 -11104609 -11104559
i0
-16892 -16892 -16892
i1
11108591 11108591 11241541
i2
-11104591 -11104591 -11104541
i0
-16929 -16929 -16929
i1
11108573 11108573 11241522
i2
-11104573 -11104573 -11104522
i0
-16966 -16966 -16966
i1
11108554 11108554 11241504
i2
-11104554 -11104554 -11104504
i0
-17003 -17003 -17003
i1
11108536 11108536 11241485
i2
-11104536 -11104536 -11104485
i0
-17040 -17040 -17040
i1
11108518 11108518 11241467
i2
-11104518 -11104518 -11104467
i0
-17077 -17077 -17077
i1
11108499 11108499 11241448
i2
-11104499 -11104499 -11104448
i0
-17114 -17114 -17114
i1
11108481 11108481 11241430
i2
-11104481 -11104481 -11104430
i0
-17151 -17151 -17151
i1
11108462 11108462 11241411
i2
-11104462 -11104462 -11104411
i0
-17188 -17188 -17188
i1
11108444 11108444 11241393
i2
-11104444 -11104444 -11104393
i0
-17225 -17225 -17225
i1
11108425 11108425 11241374
i2
-11104425 -11104425 -11104374
i0
-17262 -17262 -17262
i1
11108407 11108407 11241356
i2
-11104407 -11104407 -11104356
i0
-17300 -17300 -17300
i1
11108388 11108388 11241337
i2
-11104388 -11104388 -11104337
i0
-17337 -17337 -17337
i1
11108370 11108370 11241318
i2
-11104370 -11104370 -11104318
i0
-17374 -17374 -17374
i1
11108351 11108351 11241300
i2
-11104351 -11104351 -11104300
i0
-17412 -17412 -17411
i1
11108333 11108333 11241281
i2
-11104333 -11104333 -11104281
i0
-17449 -17449 -17449
i1
11108314 11108314 11241262
i2
-11104314 -11104314 -11104262
i0
-17486 -17486 -17486
i1
11108296 11108296 11241243
i2
-11104296 -11104296 -11104243
i0
-17524 -17524 -17524
i1
11108277 11108277 11241225
i2
-11104277 -11104277 -11104225
i0
-17561 -17561 -17561
i1
11108258 11108258 11241206
i2
-11104258 -11104258 -11104206
i0
-17599 -17599 -17599
i1
11108240 11108240 11241187
i2
-11104240 -11104240 -11104187
i0
-17636 -17636 -17636
i1
11108221 11108221 11241168
i2
-11104221 -11104221 -11104168
i0
-17674 -17674 -17674
i1
11108202 11108202 11241149
i2
-11104202 -11104202 -11104149
i0
-17712 -17712 -17712
i1
11108183 11108183 11241131
i2
-11104183 -11104183 -11104131
i0
-17749 -17749 -17749
i1
11108165 11108165 11241112
i2
-11104165 -11104165 -11104112
i0
-17787 -17787 -17787
i1
11108146 11108146 11241093
i2
-11104146 -11104146 -11104093
i0
-17825 -17825 -17825
i1
11108127 11108127 11241074
i2
-11104127 -11104127 -11104074
i0
-17863 -17863 -17863
i1
11108108 11108108 11241055
i2
-11104108 -11104108 -11104055
i0
-17901 -17901 -17901
i1
11108089 11108089 11241036
i2
-11104089 -11104089 -11104036
i0
-17938 -17938 -17938
i1
11108071 11108071 11241017
i2
-11104071 -11104071 -11104017
i0
-17976 -17976 -17976
i1
11108052 11108052 11240998
i2
-11104052 -11104052 -11103998
i0
-18014 -18014 -18014
i1
11108033 11108033 11240979
i2
-11104033 -11104033 -11103979
i0
-18052 -18052 -18052
i1
11108014 11108014 11240960
i2
-11104014 -11104014 -11103960
i0
-18090 -18090 -18090
i1
11107995 11107995 11240941
i2
-11103995 -11103995 -11103941
i0
-18129 -18129 -18129
i1
11107976 11107976 11240922
i2
-11103976 -11103976 -11103922
i0
-18167 -18167 -18167
i1
11107957 11107957 11240903
i2
-11103957 -11103957 -11103903
i0
-18205 -18205 -18205
i1
11107938 11107938 11240884
i2
-11103938 -11103938 -11103884
i0
-18243 -18243 -18243
i1
11107919 11107919 11240865
i2
-11103919 -11103919 -11103865
i0
-18281 -18281 -18281
i1
11107900 11107900 11240845
i2
-11103900 -11103900 -11103845
i0
-18320 -18320 -18320
i1
11107881 11107881 11240826
i2
-11103881 -11103881 -11103826
i0
-18358 -18358 -18358
i1
11107862 11107862 11240807
i2
-11103862 -11103862 -11103807
i0
-18396 -18396 -18396
i1
11107843 11107843 11240788
i2
-11103843 -11103843 -11103788
i0
-18435 -18435 -18435
i1
11107824 11107824 11240769
i2
-11103824 -11103824 -11103769
i0
-18473 -18473 -18473
i1
11107804 11107804 11240749
i2
-11103804 -11103804 -11103749
i0
-18512 -18512 -18512
i1
11107785 11107785 11240730
i2
-11103785 -11103785 -11103730
i0
-18550 -18550 -18550
i1
11107766 11107766 11240711
i2
-11103766 -11103766 -11103711
i0
-18589 -18589 -18589
i1
11107747 11107747 11240691
i2
-11103747 -11103747 -11103691
i0
-18628 -18628 -18628
i1
11107728 11107728 11240672
i2
-11103728 -11103728 -11103672
i0
-18666 -18666 -18666
i1
11107708 11107708 11240653
i2
-11103708 -11103708 -11103653
i0
-18705 -18705 -18705
i1
11107689 11107689 11240633
i2
-11103689 -11103689 -11103633
i0
-18744 -18744 -18744
i1
11107670 11107670 11240614
i2
-11103670 -11103670 -11103614
i0
-18782 -18782 -18782
i1
11107651 11107651 11240595
i2
-11103651 -11103651 -11103595
i0
-18821 -18821 -18821
i1
11107631 11107631 11240575
i2
-11103631 -11103631 -11103575
i0
-18860 -18860 -18860
i1
11107612 11107612 11240556
i2
-11103612 -11103612 -11103556
i0
-18899 -18899 -18899
i1
11107593 11107593 11240536
i2
-11103593 -11103593 -11103536
i0
-18938 -18938 -18938
i1
11107573 11107573 11240517
i2
-11103573 -11103573 -11103517
i0
-18977 -18977 -18977
i1
11107554 11107554 11240497
i2
-11103554 -11103554 -11103497
i0
-19016 -19016 -19016
i1
11107534 11107534 11240478
i2
-11103534 -11103534 -11103478
i0
-19055 -19055 -19055
i1
11107515 11107515 11240458
i2
-11103515 -11103515 -11103458
i0
-19094 -19094 -19094
i1
11107495 11107495 11240439
i2
-11103495 -11103495 -11103439
i0
-19133 -19133 -19133
i1
11107476 11107476 11240419
i2
-11103476 -11103476 -11103419
i0
-19172 -19172 -19172
i1
11107456 11107456 11240399
i2
-11103456 -11103456 -11103399
i0
-19212 -19212 -19212
i1
11107437 11107437 11240380
i2
-11103437 -11103437 -11103380
i0
-19251 -19251 -19251
i1
11107417 11107417 11240360
i2
-11103417 -11103417 -11103360
i0
-19290 -19290 -19290
i1
11107398 11107398 11240340
i2
-11103398 -11103398 -11103340
i0
-19330 -19330 -19330
i1
11107378 11107378 11240321
i2
-11103378 -11103378 -11103321
i0
-19369 -19369 -19369
i1
11107359 11107359 11240301
i2
-11103359 -11103359 -11103301
i0
-19408 -19408 -19408
i1
11107339 11107339 11240281
i2
-11103339 -11103339 -11103281
i0
-19448 -19448 -19448
i1
11107319 11107319 11240261
i2
-11103319 -11103319 -11103261
i0
-19487 -19487 -19487
i1
11107300 11107300 11240242
i2
-11103300 -11103300 -11103242
i0
-19527 -19527 -19527
i1
11107280 11107280 11240222
i2
-11103280 -11103280 -11103222
i0
-19566 -19566 -19566
i1
11107260 11107260 11240202
i2
-11103260 -11103260 -11103202
i0
-19606 -19606 -19606
i1
11107241 11107241 11240182
i2
-11103241 -11103241 -11103182
i0
-19646 -19646 -19646
i1
11107221 11107221 11240162
i2
-11103221 -11103221 -11103162
i0
-19685 -19685 -19685
i1
11107201 11107201 11240143
i2
-11103201 -11103201 -11103143
i0
-19725 -19725 -19725
i1
11107181 11107181 11240123
i2
-11103181 -11103181 -11103123
i0
-19765 -19765 -19765
i1
11107162 11107162 11240103
i2
-11103162 -11103162 -11103103
i0
-19805 -19805 -19805
i1
11107142 11107142 11240083
i2
-11103142 -11103142 -11103083
i0
-19845 -19845 -19845
i1
11107122 11107122 11240063
i2
-11103122 -11103122 -11103063
i0
-19885 -19885 -19885
i1
11107102 11107102 11240043
i2
-11103102 -11103102 -11103043
i0
-19925 -19925 -19925
i1
11107082 11107082 11240023
i2
-11103082 -11103082 -11103023
i0
-19965 -19965 -19965
i1
11107062 11107062 11240003
i2
-11103062 -11103062 -11103003
i0
-20005 -20005 -20005
i1
11107042 11107042 11239983
i2
-11103042 -11103042 -11102983
i0
-20045 -20045 -20045
i1
11107022 11107022 11239963
i2
-11103022 -11103022 -11102963
