i0
300 100 100
i1
100 300 100
i2
100 100 300
i0
300 100 100
i1
100 300 100
i2
100 100 300
i0
300 100 100
i1
100 300 100
i2
100 100 300
i0
300 100 100
i1
100 300 100
i2
100 100 300
i0
300 100 100
i1
100 300 100
i2
100 100 300
i0
300 100 100
i1
100 300 100
i2
100 100 300
i0
300 100 100
i1
100 300 100
i2
100 100 300
i0
300 100 100
i1
100 300 100
i2
100 100 300
i0
300 100 100
i1
100 300 100
i2
100 100 300
i0
300 100 100
i1
100 300 100
i2
100 100 300
i0
300 100 100
i1
100 300 100
i2
100 100 300
i0
300 100 100
i1
100 300 100
i2
100 100 300
i0
300 100 100
i1
100 300 100
i2
100 100 300
i0
300 100 100
i1
100 300 100
i2
100 100 300
i0
300 100 100
i1
100 300 100
i2
100 100 300
i0
300 100 100
i1
100 300 100
i2
100 100 300
i0
299 100 101
i1
100 299 101
i2
100 101 299
i0
299 100 101
i1
100 299 101
i2
100 101 299
i0
299 100 101
i1
100 299 101
i2
100 101 299
i0
299 100 101
i1
100 299 101
i2
100 101 299
i0
299 100 101
i1
100 299 101
i2
100 101 299
i0
299 100 101
i1
100 299 101
i2
100 101 299
i0
299 100 101
i1
100 299 101
i2
100 101 299
i0
299 100 101
i1
100 299 101
i2
100 101 299
i0
299 100 101
i1
100 299 101
i2
100 101 299
i0
299 100 101
i1
100 299 101
i2
100 101 299
i0
299 100 101
i1
100 299 101
i2
100 101 299
i0
299 100 101
i1
100 299 101
i2
100 101 299
i0
299 100 101
i1
100 299 101
i2
100 101 299
i0
298 100 102
i1
100 298 102
i2
100 102 298
i0
298 100 102
i1
100 298 102
i2
100 102 298
i0
298 100 102
i1
100 298 102
i2
100 102 298
i0
298 100 102
i1
100 298 102
i2
100 102 298
i0
298 100 102
i1
100 298 102
i2
100 102 298
i0
298 100 102
i1
100 298 102
i2
100 102 298
i0
298 100 102
i1
100 298 102
i2
100 102 298
i0
298 100 102
i1
100 298 102
i2
100 102 298
i0
298 100 102
i1
100 298 102
i2
100 102 298
i0
297 100 103
i1
100 297 103
i2
100 103 297
i0
297 100 103
i1
100 297 103
i2
100 103 297
i0
297 100 103
i1
100 297 103
i2
100 103 297
i0
297 100 103
i1
100 297 103
i2
100 103 297
i0
297 100 103
i1
100 297 103
i2
100 103 297
i0
297 100 103
i1
100 297 103
i2
100 103 297
i0
297 100 103
i1
100 297 103
i2
100 103 297
i0
296 100 104
i1
100 296 104
i2
100 104 296
i0
296 100 104
i1
100 296 104
i2
100 104 296
i0
296 100 104
i1
100 296 104
i2
100 104 296
i0
296 100 104
i1
100 296 104
i2
100 104 296
i0
296 100 104
i1
100 296 104
i2
100 104 296
i0
296 100 104
i1
100 296 104
i2
100 104 296
i0
295 100 105
i1
100 295 105
i2
100 105 295
i0
295 100 105
i1
100 295 105
i2
100 105 295
i0
295 100 105
i1
100 295 105
i2
100 105 295
i0
295 100 105
i1
100 295 105
i2
100 105 295
i0
295 100 105
i1
100 295 105
i2
100 105 295
i0
294 100 106
i1
100 294 106
i2
100 106 294
i0
294 100 106
i1
100 294 106
i2
100 106 294
i0
294 100 106
i1
100 294 106
i2
100 106 294
i0
294 100 106
i1
100 294 106
i2
100 106 294
i0
294 100 106
i1
100 294 106
i2
100 106 294
i0
293 100 107
i1
100 293 107
i2
100 107 293
i0
293 100 107
i1
100 293 107
i2
100 107 293
i0
293 100 107
i1
100 293 107
i2
100 107 293
i0
293 100 107
i1
100 293 107
i2
100 107 293
i0
293 100 107
i1
100 293 107
i2
100 107 293
i0
292 100 108
i1
100 292 108
i2
100 108 292
i0
292 100 108
i1
100 292 108
i2
100 108 292
i0
292 100 108
i1
100 292 108
i2
100 108 292
i0
292 100 108
i1
100 292 108
i2
100 108 292
i0
291 100 109
i1
100 291 109
i2
100 109 291
i0
291 100 109
i1
100 291 109
i2
100 109 291
i0
291 100 109
i1
100 291 109
i2
100 109 291
i0
291 100 109
i1
100 291 109
i2
100 109 291
i0
290 100 110
i1
100 290 110
i2
100 110 290
i0
290 100 110
i1
100 290 110
i2
100 110 290
i0
290 100 110
i1
100 290 110
i2
100 110 290
i0
290 100 110
i1
100 290 110
i2
100 110 290
i0
289 100 111
i1
100 289 111
i2
100 111 289
i0
289 100 111
i1
100 289 111
i2
100 111 289
i0
289 100 111
i1
100 289 111
i2
100 111 289
i0
288 100 111
i1
100 288 112
i2
100 112 288
i0
288 100 112
i1
100 288 112
i2
100 112 288
i0
288 100 112
i1
100 288 112
i2
100 112 288
i0
288 100 112
i1
100 288 112
i2
100 112 288
i0
287 100 113
i1
100 287 113
i2
100 113 287
i0
287 100 113
i1
100 287 113
i2
100 113 287
i0
287 100 113
i1
100 287 113
i2
100 113 287
i0
286 100 114
i1
100 286 114
i2
100 114 286
i0
286 100 114
i1
100 286 114
i2
100 114 286
i0
286 100 114
i1
100 286 114
i2
100 114 286
i0
285 100 114
i1
100 285 115
i2
100 115 285
i0
285 100 115
i1
100 285 115
i2
100 115 285
i0
285 100 115
i1
100 285 115
i2
100 115 285
i0
284 100 115
i1
100 284 116
i2
100 116 284
i0
284 100 116
i1
100 284 116
i2
100 116 284
i0
284 100 116
i1
100 284 116
i2
100 116 284
i0
283 100 116
i1
100 283 117
i2
100 117 283
i0
283 100 117
i1
100 283 117
i2
100 117 283
i0
283 100 117
i1
100 283 117
i2
100 117 283
i0
282 100 117
i1
100 282 118
i2
100 118 282
i0
282 100 118
i1
100 282 118
i2
100 118 282
i0
282 100 118
i1
100 282 118
i2
100 118 282
i0
281 100 118
i1
100 281 119
i2
100 119 281
i0
281 100 119
i1
100 281 119
i2
100 119 281
i0
280 100 119
i1
100 280 120
i2
100 120 280
i0
280 100 120
i1
100 280 120
i2
100 120 280
i0
280 100 120
i1
100 280 120
i2
100 120 280
i0
279 100 120
i1
100 279 121
i2
100 121 279
i0
279 100 121
i1
100 279 121
i2
100 121 279
i0
278 100 121
i1
100 278 122
i2
100 122 278
i0
278 100 121
i1
100 278 122
i2
100 122 278
i0
278 100 122
i1
100 278 122
i2
100 122 278
i0
277 100 122
i1
100 277 123
i2
100 123 277
i0
277 100 123
i1
100 277 123
i2
100 123 277
i0
276 100 123
i1
100 276 124
i2
100 124 276
i0
276 101 123
i1
100 276 124
i2
100 124 276
i0
276 101 124
i1
100 276 124
i2
100 124 276
i0
275 101 124
i1
100 275 125
i2
100 125 275
i0
275 101 125
i1
100 275 125
i2
100 125 275
i0
274 101 125
i1
100 274 126
i2
100 126 274
i0
274 101 126
i1
100 274 126
i2
100 126 274
i0
273 101 126
i1
100 273 127
i2
100 127 273
i0
273 101 126
i1
100 273 127
i2
100 127 273
i0
272 101 127
i1
100 272 128
i2
100 128 272
i0
272 101 127
i1
100 272 128
i2
100 128 272
i0
272 101 128
i1
100 271 129
i2
100 129 271
i0
271 101 128
i1
100 271 129
i2
100 129 271
i0
271 101 129
i1
100 271 129
i2
100 129 271
i0
270 101 129
i1
100 270 130
i2
100 130 270
i0
270 101 130
i1
100 270 130
i2
100 130 270
i0
269 101 130
i1
100 269 131
i2
100 131 269
i0
269 101 130
i1
100 269 131
i2
100 131 269
i0
268 101 131
i1
100 268 132
i2
100 132 268
i0
268 101 131
i1
100 268 132
i2
100 132 268
i0
267 101 132
i1
100 267 133
i2
100 133 267
i0
267 101 132
i1
100 266 134
i2
100 134 266
i0
266 101 133
i1
100 266 134
i2
100 134 266
i0
266 101 133
i1
100 265 135
i2
100 135 265
i0
265 101 134
i1
100 265 135
i2
100 135 265
i0
264 101 134
i1
100 264 136
i2
100 136 264
i0
264 101 135
i1
100 264 136
i2
100 136 264
i0
263 101 135
i1
100 263 137
i2
100 137 263
i0
263 101 136
i1
100 263 137
i2
100 137 263
i0
262 101 136
i1
100 262 138
i2
100 138 262
i0
262 101 137
i1
100 262 138
i2
100 138 262
i0
261 101 137
i1
100 261 139
i2
100 139 261
i0
261 101 138
i1
100 260 140
i2
100 140 260
i0
260 102 138
i1
100 260 140
i2
100 140 260
i0
259 102 139
i1
100 259 141
i2
100 141 259
i0
259 102 140
i1
100 259 141
i2
100 141 259
i0
258 102 140
i1
100 258 142
i2
100 142 258
i0
258 102 141
i1
100 257 143
i2
100 143 257
i0
257 102 141
i1
100 257 143
i2
100 143 257
i0
256 102 142
i1
100 256 144
i2
100 144 256
i0
256 102 142
i1
100 256 144
i2
100 144 256
i0
255 102 143
i1
100 255 145
i2
100 145 255
i0
255 102 143
i1
100 254 146
i2
100 146 254
i0
254 102 144
i1
100 254 146
i2
100 146 254
i0
253 102 144
i1
100 253 147
i2
100 147 253
i0
253 102 145
i1
100 252 148
i2
100 148 252
i0
252 102 146
i1
100 252 148
i2
100 148 252
i0
251 102 146
i1
100 251 149
i2
100 149 251
i0
251 102 147
i1
100 250 150
i2
100 150 250
i0
250 102 147
i1
100 250 150
i2
100 150 250
i0
249 103 148
i1
100 249 151
i2
100 151 249
i0
249 103 149
i1
100 248 152
i2
100 152 248
i0
248 103 149
i1
100 248 152
i2
100 152 248
i0
247 103 150
i1
100 247 153
i2
100 153 247
i0
247 103 150
i1
100 246 154
i2
100 154 246
i0
246 103 151
i1
100 246 154
i2
100 154 246
i0
245 103 152
i1
100 245 155
i2
100 155 245
i0
245 103 152
i1
100 244 156
i2
100 156 244
i0
244 103 153
i1
100 243 157
i2
100 157 243
i0
243 103 154
i1
100 243 157
i2
100 157 243
i0
243 103 154
i1
100 242 158
i2
100 158 242
i0
242 103 155
i1
100 241 159
i2
100 159 241
i0
241 104 155
i1
100 240 160
i2
100 160 240
i0
240 104 156
i1
100 239 161
i2
100 161 239
i0
240 104 157
i1
100 239 161
i2
100 161 239
i0
239 104 157
i1
100 238 162
i2
100 162 238
i0
238 104 158
i1
100 237 163
i2
100 163 237
i0
237 104 159
i1
100 236 164
i2
100 164 236
i0
237 104 159
i1
100 235 165
i2
100 165 235
i0
236 104 160
i1
100 235 165
i2
100 165 235
i0
235 104 161
i1
100 234 166
i2
100 166 234
i0
234 105 161
i1
100 233 167
i2
100 167 233
i0
233 105 162
i1
100 232 168
i2
100 168 232
i0
233 105 163
i1
100 231 169
i2
100 169 231
i0
232 105 163
i1
100 230 170
i2
100 170 230
i0
231 105 164
i1
100 229 171
i2
100 171 229
i0
230 105 165
i1
100 228 172
i2
100 172 228
i0
229 105 165
i1
100 228 172
i2
100 172 228
i0
228 105 166
i1
100 227 173
i2
100 173 227
i0
228 106 167
i1
100 226 174
i2
100 174 226
i0
227 106 168
i1
100 225 175
i2
100 175 225
i0
226 106 168
i1
100 224 176
i2
100 176 224
i0
225 106 169
i1
100 223 177
i2
100 177 223
i0
224 106 170
i1
100 222 178
i2
100 178 222
i0
223 106 170
i1
100 221 179
i2
100 179 221
i0
222 107 171
i1
100 220 180
i2
100 180 220
i0
221 107 172
i1
100 219 181
i2
100 181 219
i0
221 107 173
i1
100 218 182
i2
100 182 218
i0
220 107 173
i1
100 216 184
i2
100 184 216
i0
219 107 174
i1
100 215 185
i2
100 185 215
i0
218 108 175
i1
100 214 186
i2
100 186 214
i0
217 108 175
i1
100 213 187
i2
100 187 213
i0
216 108 176
i1
100 212 188
i2
100 188 212
i0
215 108 177
i1
100 211 189
i2
100 189 211
i0
214 108 178
i1
100 209 191
i2
100 191 209
i0
213 109 178
i1
100 208 192
i2
100 192 208
i0
212 109 179
i1
100 207 193
i2
100 193 207
i0
211 109 180
i1
100 205 195
i2
100 195 205
i0
210 109 181
i1
100 204 196
i2
100 196 204
i0
209 110 181
i1
100 203 197
i2
100 197 203
i0
208 110 182
i1
100 201 199
i2
100 199 201
i0
207 110 183
i1
100 199 201
i2
100 201 199
i0
206 110 184
i1
100 197 203
i2
100 203 197
i0
205 111 184
i1
100 196 204
i2
100 204 196
i0
204 111 185
i1
100 194 206
i2
100 206 194
i0
203 111 186
i1
100 193 207
i2
100 207 193
i0
202 111 187
i1
100 191 209
i2
100 209 191
i0
201 112 187
i1
100 190 210
i2
100 210 190
i0
200 112 188
i1
100 189 211
i2
100 211 189
i0
199 112 189
i1
100 187 213
i2
100 213 187
i0
198 113 190
i1
100 186 214
i2
100 214 186
i0
197 113 190
i1
100 185 215
i2
100 215 185
i0
196 113 191
i1
100 184 216
i2
100 216 184
i0
194 114 192
i1
100 183 217
i2
100 217 183
i0
193 114 193
i1
100 181 219
i2
100 219 181
i0
192 114 193
i1
100 180 220
i2
100 220 180
i0
191 115 194
i1
100 179 221
i2
100 221 179
i0
190 115 195
i1
100 178 222
i2
100 222 178
i0
189 115 196
i1
100 177 223
i2
100 223 177
i0
188 116 196
i1
100 176 224
i2
100 224 176
i0
187 116 197
i1
100 175 225
i2
100 225 175
i0
186 116 198
i1
100 174 226
i2
100 226 174
i0
184 117 199
i1
100 173 227
i2
100 227 173
i0
183 117 199
i1
100 172 228
i2
100 228 172
i0
182 118 200
i1
100 171 229
i2
100 229 171
i0
181 118 201
i1
100 170 230
i2
100 230 170
i0
180 119 202
i1
100 169 231
i2
100 231 169
i0
179 119 202
i1
100 168 232
i2
100 232 168
i0
177 119 203
i1
100 167 233
i2
100 233 167
i0
176 120 204
i1
100 166 234
i2
100 234 166
i0
175 120 205
i1
100 165 235
i2
100 235 165
i0
174 121 205
i1
100 164 236
i2
100 236 164
i0
173 121 206
i1
100 163 237
i2
100 237 163
i0
172 122 207
i1
100 162 238
i2
100 238 162
i0
170 122 207
i1
100 161 239
i2
100 239 161
i0
169 123 208
i1
100 160 240
i2
100 240 160
i0
168 123 209
i1
100 159 241
i2
100 241 159
i0
167 124 210
i1
100 158 242
i2
100 242 158
i0
165 124 210
i1
100 157 243
i2
100 243 157
i0
164 125 211
i1
100 156 244
i2
100 244 156
i0
163 125 212
i1
100 156 244
i2
100 244 156
i0
162 126 212
i1
100 155 245
i2
100 245 155
i0
161 126 213
i1
100 154 246
i2
100 246 154
i0
159 127 214
i1
100 153 247
i2
100 247 153
i0
158 128 214
i1
100 152 248
i2
100 248 152
i0
157 128 215
i1
100 151 249
i2
100 249 151
i0
156 129 216
i1
100 150 250
i2
100 250 150
i0
154 129 216
i1
100 150 250
i2
100 250 150
i0
153 130 217
i1
100 149 251
i2
100 251 149
i0
152 130 218
i1
100 148 252
i2
100 252 148
i0
150 131 218
i1
100 147 253
i2
100 253 147
i0
149 132 219
i1
100 146 254
i2
100 254 146
i0
148 132 220
i1
100 146 254
i2
100 254 146
i0
147 133 220
i1
100 145 255
i2
100 255 145
i0
145 134 221
i1
100 144 256
i2
100 256 144
i0
144 134 222
i1
100 143 257
i2
100 257 143
i0
143 135 222
i1
100 143 257
i2
100 257 143
i0
142 136 223
i1
100 142 258
i2
100 258 142
i0
140 136 224
i1
100 141 259
i2
100 259 141
i0
139 137 224
i1
100 140 260
i2
100 260 140
i0
138 138 225
i1
100 139 261
i2
100 261 139
i0
136 138 225
i1
100 139 261
i2
100 261 139
i0
135 139 226
i1
100 138 262
i2
100 262 138
i0
134 140 227
i1
100 137 263
i2
100 263 137
i0
133 140 227
i1
100 137 263
i2
100 263 137
i0
131 141 228
i1
100 136 264
i2
100 264 136
i0
130 142 228
i1
100 135 265
i2
100 265 135
i0
129 142 229
i1
100 134 266
i2
100 266 134
i0
127 143 230
i1
100 134 266
i2
100 266 134
i0
126 144 230
i1
100 133 267
i2
100 267 133
i0
125 145 231
i1
100 132 268
i2
100 268 132
i0
123 145 231
i1
100 132 268
i2
100 268 132
i0
122 146 232
i1
100 131 269
i2
100 269 131
i0
121 147 232
i1
100 130 270
i2
100 270 130
i0
119 148 233
i1
100 130 270
i2
100 270 130
i0
118 148 233
i1
100 129 271
i2
100 271 129
i0
117 149 234
i1
100 128 272
i2
100 272 128
i0
115 150 234
i1
100 128 272
i2
100 272 128
i0
114 151 235
i1
100 127 273
i2
100 273 127
i0
113 152 236
i1
100 126 274
i2
100 274 126
i0
112 152 236
i1
100 126 274
i2
100 274 126
i0
110 153 237
i1
100 125 275
i2
100 275 125
i0
109 154 237
i1
100 124 276
i2
100 276 124
i0
108 155 238
i1
100 124 276
i2
100 276 124
i0
106 156 238
i1
100 123 277
i2
100 277 123
i0
105 157 238
i1
100 122 278
i2
100 278 122
i0
104 157 239
i1
100 122 278
i2
100 278 122
i0
102 158 239
i1
100 121 279
i2
100 279 121
i0
101 159 240
i1
100 121 279
i2
100 279 121
i0
100 160 240
i1
100 120 280
i2
100 280 120
i0
98 161 241
i1
100 119 281
i2
100 281 119
i0
97 162 241
i1
100 119 281
i2
100 281 119
i0
96 163 242
i1
100 118 282
i2
100 282 118
i0
94 163 242
i1
100 118 282
i2
100 282 118
i0
93 164 243
i1
100 117 283
i2
100 283 117
i0
92 165 243
i1
100 116 284
i2
100 284 116
i0
90 166 243
i1
100 116 284
i2
100 284 116
i0
89 167 244
i1
100 115 285
i2
100 285 115
i0
88 168 244
i1
100 115 285
i2
100 285 115
i0
86 169 245
i1
100 114 286
i2
100 286 114
i0
85 170 245
i1
100 114 286
i2
100 286 114
i0
84 171 245
i1
100 113 287
i2
100 287 113
i0
83 172 246
i1
100 112 288
i2
100 288 112
i0
81 173 246
i1
100 112 288
i2
100 288 112
i0
80 173 247
i1
100 111 289
i2
100 289 111
i0
79 174 247
i1
100 111 289
i2
100 289 111
i0
77 175 247
i1
100 110 290
i2
100 290 110
i0
76 176 248
i1
100 110 290
i2
100 290 110
i0
75 177 248
i1
100 109 291
i2
100 291 109
i0
73 178 248
i1
100 109 291
i2
100 291 109
i0
72 179 249
i1
100 108 292
i2
100 292 108
i0
71 180 249
i1
100 108 292
i2
100 292 108
i0
69 181 249
i1
100 107 293
i2
100 293 107
i0
68 182 250
i1
100 107 293
i2
100 293 107
i0
67 183 250
i1
100 106 294
i2
100 294 106
i0
65 184 250
i1
100 106 294
i2
100 294 106
i0
64 185 251
i1
100 105 295
i2
100 295 105
i0
63 186 251
i1
100 105 295
i2
100 295 105
i0
62 187 251
i1
100 104 296
i2
100 296 104
i0
60 188 252
i1
100 104 296
i2
100 296 104
i0
59 189 252
i1
100 103 297
i2
100 297 103
i0
58 190 252
i1
100 103 297
i2
100 297 103
i0
56 191 252
i1
100 102 298
i2
100 298 102
i0
55 192 253
i1
100 102 298
i2
100 298 102
i0
54 193 253
i1
100 101 299
i2
100 299 101
i0
53 194 253
i1
100 101 299
i2
100 299 101
i0
51 195 254
i1
100 100 300
i2
100 300 100
i0
50 196 254
i1
100 100 300
i2
100 300 100
i0
49 197 254
i1
100 99 301
i2
100 301 99
i0
47 198 254
i1
100 99 301
i2
100 301 99
i0
46 199 254
i1
100 98 302
i2
100 302 98
i0
45 200 255
i1
100 98 302
i2
100 302 98
i0
44 201 255
i1
100 97 303
i2
100 303 97
i0
42 203 255
i1
100 97 303
i2
100 303 97
i0
41 204 255
i1
100 97 303
i2
100 303 97
i0
40 205 256
i1
100 96 304
i2
100 304 96
i0
39 206 256
i1
100 96 304
i2
100 304 96
i0
37 207 256
i1
100 95 305
i2
100 305 95
i0
36 208 256
i1
100 95 305
i2
100 305 95
i0
35 209 256
i1
100 94 306
i2
100 306 94
i0
33 210 256
i1
100 94 306
i2
100 306 94
i0
32 211 257
i1
100 94 306
i2
100 306 94
i0
31 212 257
i1
100 93 307
i2
100 307 93
i0
30 213 257
i1
100 93 307
i2
100 307 93
i0
28 214 257
i1
100 92 308
i2
100 308 92
i0
27 216 257
i1
100 92 308
i2
100 308 92
i0
26 217 257
i1
100 92 308
i2
100 308 92
i0
25 218 258
i1
100 91 309
i2
100 309 91
i0
23 219 258
i1
100 91 309
i2
100 309 91
i0
22 220 258
i1
100 90 310
i2
100 310 90
i0
21 221 258
i1
100 90 310
i2
100 310 90
i0
20 222 258
i1
100 90 310
i2
100 310 90
i0
19 223 258
i1
100 89 311
i2
100 311 89
i0
17 224 258
i1
100 89 311
i2
100 311 89
i0
16 226 258
i1
100 88 312
i2
100 312 88
i0
15 227 258
i1
100 88 312
i2
100 312 88
i0
14 228 259
i1
100 88 312
i2
100 312 88
i0
12 229 259
i1
100 87 313
i2
100 313 87
i0
11 230 259
i1
100 87 313
i2
100 313 87
i0
10 231 259
i1
100 87 313
i2
100 313 87
i0
9 232 259
i1
100 86 314
i2
100 314 86
i0
8 233 259
i1
100 86 314
i2
100 314 86
i0
6 235 259
i1
100 85 315
i2
100 315 85
i0
5 236 259
i1
100 85 315
i2
100 315 85
i0
4 237 259
i1
100 85 315
i2
100 315 85
i0
3 238 259
i1
100 84 316
i2
100 316 84
i0
2 239 259
i1
100 84 316
i2
100 316 84
i0
0 240 259
i1
100 84 316
i2
100 316 84
i0
-1 241 259
i1
100 83 317
i2
100 317 83
i0
-2 243 259
i1
100 83 317
i2
100 317 83
i0
-3 244 259
i1
100 83 317
i2
100 317 83
i0
-4 245 259
i1
100 82 318
i2
100 318 82
i0
-5 246 259
i1
100 82 318
i2
100 318 82
i0
-7 247 259
i1
100 82 318
i2
100 318 82
i0
-8 248 259
i1
100 81 319
i2
100 319 81
i0
-9 250 259
i1
100 81 319
i2
100 319 81
i0
-10 251 259
i1
100 81 319
i2
100 319 81
i0
-11 252 259
i1
100 80 320
i2
100 320 80
i0
-12 253 259
i1
100 80 320
i2
100 320 80
i0
-14 254 259
i1
100 80 320
i2
100 320 80
i0
-15 256 259
i1
100 80 320
i2
100 320 80
i0
-16 257 259
i1
100 79 321
i2
100 321 79
i0
-17 258 259
i1
100 79 321
i2
100 321 79
i0
-18 259 259
i1
100 79 321
i2
100 321 79
i0
-19 260 259
i1
100 78 322
i2
100 322 78
i0
-20 261 259
i1
100 78 322
i2
100 322 78
i0
-22 263 259
i1
100 78 322
i2
100 322 78
i0
-23 264 259
i1
100 77 323
i2
100 323 77
i0
-24 265 259
i1
100 77 323
i2
100 323 77
i0
-25 266 259
i1
100 77 323
i2
100 323 77
i0
-26 267 259
i1
100 77 323
i2
100 323 77
i0
-27 269 259
i1
100 76 324
i2
100 324 76
i0
-28 270 259
i1
100 76 324
i2
100 324 76
i0
-29 271 258
i1
100 76 324
i2
100 324 76
i0
-31 272 258
i1
100 75 325
i2
100 325 75
i0
-32 273 258
i1
100 75 325
i2
100 325 75
i0
-33 275 258
i1
100 75 325
i2
100 325 75
i0
-34 276 258
i1
100 75 325
i2
100 325 75
i0
-35 277 258
i1
100 74 326
i2
100 326 74
i0
-36 278 258
i1
100 74 326
i2
100 326 74
i0
-37 279 258
i1
100 74 326
i2
100 326 74
i0
-38 281 258
i1
100 74 326
i2
100 326 74
i0
-39 282 257
i1
100 73 327
i2
100 327 73
i0
-40 283 257
i1
100 73 327
i2
100 327 73
i0
-41 284 257
i1
100 73 327
i2
100 327 73
i0
-42 285 257
i1
100 73 327
i2
100 327 73
i0
-44 287 257
i1
100 72 328
i2
100 328 72
i0
-45 288 257
i1
100 72 328
i2
100 328 72
i0
-46 289 257
i1
100 72 328
i2
100 328 72
i0
-47 290 256
i1
100 72 328
i2
100 328 72
i0
-48 292 256
i1
100 72 328
i2
100 328 72
i0
-49 293 256
i1
100 71 329
i2
100 329 71
i0
-50 294 256
i1
100 71 329
i2
100 329 71
i0
-51 295 256
i1
100 71 329
i2
100 329 71
i0
-52 296 256
i1
100 71 329
i2
100 329 71
i0
-53 298 255
i1
100 70 330
i2
100 330 70
i0
-54 299 255
i1
100 70 330
i2
100 330 70
i0
-55 300 255
i1
100 70 330
i2
100 330 70
i0
-56 301 255
i1
100 70 330
i2
100 330 70
i0
-57 303 255
i1
100 70 330
i2
100 330 70
i0
-58 304 254
i1
100 69 331
i2
100 331 69
i0
-59 305 254
i1
100 69 331
i2
100 331 69
i0
-60 306 254
i1
100 69 331
i2
100 331 69
i0
-61 307 254
i1
100 69 331
i2
100 331 69
i0
-62 309 253
i1
100 69 331
i2
100 331 69
i0
-63 310 253
i1
100 68 332
i2
100 332 68
i0
-64 311 253
i1
100 68 332
i2
100 332 68
i0
-65 312 253
i1
100 68 332
i2
100 332 68
i0
-66 314 253
i1
100 68 332
i2
100 332 68
i0
-67 315 252
i1
100 68 332
i2
100 332 68
i0
-68 316 252
i1
100 68 332
i2
100 332 68
i0
-69 317 252
i1
100 67 333
i2
100 333 67
i0
-70 319 252
i1
100 67 333
i2
100 333 67
i0
-71 320 251
i1
100 67 333
i2
100 333 67
i0
-72 321 251
i1
100 67 333
i2
100 333 67
i0
-73 322 251
i1
100 67 333
i2
100 333 67
i0
-74 323 250
i1
100 67 333
i2
100 333 67
i0
-75 325 250
i1
100 66 334
i2
100 334 66
i0
-76 326 250
i1
100 66 334
i2
100 334 66
i0
-77 327 250
i1
100 66 334
i2
100 334 66
i0
-78 328 249
i1
100 66 334
i2
100 334 66
i0
-79 330 249
i1
100 66 334
i2
100 334 66
i0
-80 331 249
i1
100 66 334
i2
100 334 66
i0
-81 332 248
i1
100 66 334
i2
100 334 66
i0
-81 333 248
i1
100 65 335
i2
100 335 65
i0
-82 335 248
i1
100 65 335
i2
100 335 65
i0
-83 336 248
i1
100 65 335
i2
100 335 65
i0
-84 337 247
i1
100 65 335
i2
100 335 65
i0
-85 338 247
i1
100 65 335
i2
100 335 65
i0
-86 339 247
i1
100 65 335
i2
100 335 65
i0
-87 341 246
i1
100 65 335
i2
100 335 65
i0
-88 342 246
i1
100 64 336
i2
100 336 64
i0
-89 343 246
i1
100 64 336
i2
100 336 64
i0
-90 344 245
i1
100 64 336
i2
100 336 64
i0
-91 346 245
i1
100 64 336
i2
100 336 64
i0
-91 347 245
i1
100 64 336
i2
100 336 64
i0
-92 348 244
i1
100 64 336
i2
100 336 64
i0
-93 349 244
i1
100 64 336
i2
100 336 64
i0
-94 351 244
i1
100 64 336
i2
100 336 64
i0
-95 352 243
i1
100 64 336
i2
100 336 64
i0
-96 353 243
i1
100 63 337
i2
100 337 63
i0
-97 354 242
i1
100 63 337
i2
100 337 63
i0
-98 356 242
i1
100 63 337
i2
100 337 63
i0
-98 357 242
i1
100 63 337
i2
100 337 63
i0
-99 358 241
i1
100 63 337
i2
100 337 63
i0
-100 359 241
i1
100 63 337
i2
100 337 63
i0
-101 360 241
i1
100 63 337
i2
100 337 63
i0
-102 362 240
i1
100 63 337
i2
100 337 63
i0
-103 363 240
i1
100 63 337
i2
100 337 63
i0
-104 364 239
i1
100 63 337
i2
100 337 63
i0
-104 365 239
i1
100 63 337
i2
100 337 63
i0
-105 367 239
i1
100 63 337
i2
100 337 63
i0
-106 368 238
i1
100 62 338
i2
100 338 62
i0
-107 369 238
i1
100 62 338
i2
100 338 62
i0
-108 370 237
i1
100 62 338
i2
100 338 62
i0
-109 371 237
i1
100 62 338
i2
100 338 62
i0
-109 373 237
i1
100 62 338
i2
100 338 62
i0
-110 374 236
i1
100 62 338
i2
100 338 62
i0
-111 375 236
i1
100 62 338
i2
100 338 62
i0
-112 376 235
i1
100 62 338
i2
100 338 62
i0
-113 378 235
i1
100 62 338
i2
100 338 62
i0
-113 379 235
i1
100 62 338
i2
100 338 62
i0
-114 380 234
i1
100 62 338
i2
100 338 62
i0
-115 381 234
i1
100 62 338
i2
100 338 62
i0
-116 382 233
i1
100 62 338
i2
100 338 62
i0
-116 384 233
i1
100 62 338
i2
100 338 62
i0
-117 385 232
i1
100 62 338
i2
100 338 62
i0
-118 386 232
i1
100 62 338
i2
100 338 62
i0
-119 387 231
i1
100 62 338
i2
100 338 62
i0
-120 389 231
i1
100 62 338
i2
100 338 62
i0
-120 390 231
i1
100 62 338
i2
100 338 62
i0
-121 391 230
i1
100 62 338
i2
100 338 62
i0
-122 392 230
i1
100 62 338
i2
100 338 62
i0
-123 393 229
i1
100 62 338
i2
100 338 62
i0
-123 395 229
i1
100 62 338
i2
100 338 62
i0
-124 396 228
i1
100 61 339
i2
100 339 61
i0
-125 397 228
i1
100 61 339
i2
100 339 61
i0
-126 398 227
i1
100 61 339
i2
100 339 61
i0
-126 399 227
i1
100 61 339
i2
100 339 61
i0
-127 401 226
i1
100 61 339
i2
100 339 61
i0
-128 402 226
i1
100 61 339
i2
100 339 61
i0
-128 403 225
i1
100 61 339
i2
100 339 61
i0
-129 404 225
i1
100 61 339
i2
100 339 61
i0
-130 405 224
i1
100 61 339
i2
100 339 61
i0
-131 407 224
i1
100 61 339
i2
100 339 61
i0
-131 408 223
i1
100 61 339
i2
100 339 61
i0
-132 409 223
i1
100 61 339
i2
100 339 61
i0
-133 410 222
i1
100 61 339
i2
100 339 61
i0
-133 411 222
i1
100 62 338
i2
100 338 62
i0
-134 413 221
i1
100 62 338
i2
100 338 62
i0
-135 414 221
i1
100 62 338
i2
100 338 62
i0
-135 415 220
i1
100 62 338
i2
100 338 62
i0
-136 416 220
i1
100 62 338
i2
100 338 62
i0
-137 417 219
i1
100 62 338
i2
100 338 62
i0
-137 419 219
i1
100 62 338
i2
100 338 62
i0
-138 420 218
i1
100 62 338
i2
100 338 62
i0
-139 421 218
i1
100 62 338
i2
100 338 62
i0
-139 422 217
i1
100 62 338
i2
100 338 62
i0
-140 423 217
i1
100 62 338
i2
100 338 62
i0
-141 425 216
i1
100 62 338
i2
100 338 62
i0
-141 426 216
i1
100 62 338
i2
100 338 62
i0
-142 427 215
i1
100 62 338
i2
100 338 62
i0
-143 428 215
i1
100 62 338
i2
100 338 62
i0
-143 429 214
i1
100 62 338
i2
100 338 62
i0
-144 430 214
i1
100 62 338
i2
100 338 62
i0
-145 432 213
i1
100 62 338
i2
100 338 62
i0
-145 433 213
i1
100 62 338
i2
100 338 62
i0
-146 434 212
i1
100 62 338
i2
100 338 62
i0
-147 435 211
i1
100 62 338
i2
100 338 62
i0
-147 436 211
i1
100 62 338
i2
100 338 62
i0
-148 437 210
i1
100 62 338
i2
100 338 62
i0
-148 439 210
i1
100 63 337
i2
100 337 63
i0
-149 440 209
i1
100 63 337
i2
100 337 63
i0
-150 441 209
i1
100 63 337
i2
100 337 63
i0
-150 442 208
i1
100 63 337
i2
100 337 63
i0
-151 443 208
i1
100 63 337
i2
100 337 63
i0
-151 444 207
i1
100 63 337
i2
100 337 63
i0
-152 446 206
i1
100 63 337
i2
100 337 63
i0
-153 447 206
i1
100 63 337
i2
100 337 63
i0
-153 448 205
i1
100 63 337
i2
100 337 63
i0
-154 449 205
i1
100 63 337
i2
100 337 63
i0
-154 450 204
i1
100 63 337
i2
100 337 63
i0
-155 451 204
i1
100 63 337
i2
100 337 63
i0
-155 452 203
i1
100 64 336
i2
100 336 64
i0
-156 454 202
i1
100 64 336
i2
100 336 64
i0
-157 455 202
i1
100 64 336
i2
100 336 64
i0
-157 456 201
i1
100 64 336
i2
100 336 64
i0
-158 457 201
i1
100 64 336
i2
100 336 64
i0
-158 458 200
i1
100 64 336
i2
100 336 64
i0
-159 459 199
i1
100 64 336
i2
100 336 64
i0
-159 460 199
i1
100 64 336
i2
100 336 64
i0
-160 462 198
i1
100 64 336
i2
100 336 64
i0
-160 463 198
i1
100 65 335
i2
100 335 65
i0
-161 464 197
i1
100 65 335
i2
100 335 65
i0
-162 465 197
i1
100 65 335
i2
100 335 65
i0
-162 466 196
i1
100 65 335
i2
100 335 65
i0
-163 467 195
i1
100 65 335
i2
100 335 65
i0
-163 468 195
i1
100 65 335
i2
100 335 65
i0
-164 470 194
i1
100 65 335
i2
100 335 65
i0
-164 471 193
i1
100 66 334
i2
100 334 66
i0
-165 472 193
i1
100 66 334
i2
100 334 66
i0
-165 473 192
i1
100 66 334
i2
100 334 66
i0
-166 474 192
i1
100 66 334
i2
100 334 66
i0
-166 475 191
i1
100 66 334
i2
100 334 66
i0
-167 476 190
i1
100 66 334
i2
100 334 66
i0
-167 477 190
i1
100 66 334
i2
100 334 66
i0
-168 478 189
i1
100 67 333
i2
100 333 67
i0
-168 480 189
i1
100 67 333
i2
100 333 67
i0
-169 481 188
i1
100 67 333
i2
100 333 67
i0
-169 482 187
i1
100 67 333
i2
100 333 67
i0
-170 483 187
i1
100 67 333
i2
100 333 67
i0
-170 484 186
i1
100 67 333
i2
100 333 67
i0
-171 485 185
i1
100 68 332
i2
100 332 68
i0
-171 486 185
i1
100 68 332
i2
100 332 68
i0
-171 487 184
i1
100 68 332
i2
100 332 68
i0
-172 488 184
i1
100 68 332
i2
100 332 68
i0
-172 489 183
i1
100 68 332
i2
100 332 68
i0
-173 491 182
i1
100 68 332
i2
100 332 68
i0
-173 492 182
i1
100 69 331
i2
100 331 69
i0
-174 493 181
i1
100 69 331
i2
100 331 69
i0
-174 494 180
i1
100 69 331
i2
100 331 69
i0
-175 495 180
i1
100 69 331
i2
100 331 69
i0
-175 496 179
i1
100 69 331
i2
100 331 69
i0
-176 497 178
i1
100 70 330
i2
100 330 70
i0
-176 498 178
i1
100 70 330
i2
100 330 70
i0
-176 499 177
i1
100 70 330
i2
100 330 70
i0
-177 500 177
i1
100 70 330
i2
100 330 70
i0
-177 501 176
i1
100 70 330
i2
100 330 70
i0
-178 502 175
i1
100 71 329
i2
100 329 71
i0
-178 503 175
i1
100 71 329
i2
100 329 71
i0
-178 505 174
i1
100 71 329
i2
100 329 71
i0
-179 506 173
i1
100 71 329
i2
100 329 71
i0
-179 507 173
i1
100 72 328
i2
100 328 72
i0
-180 508 172
i1
100 72 328
i2
100 328 72
i0
-180 509 171
i1
100 72 328
i2
100 328 72
i0
-181 510 171
i1
100 72 328
i2
100 328 72
i0
-181 511 170
i1
100 72 328
i2
100 328 72
i0
-181 512 169
i1
100 73 327
i2
100 327 73
i0
-182 513 169
i1
100 73 327
i2
100 327 73
i0
-182 514 168
i1
100 73 327
i2
100 327 73
i0
-182 515 167
i1
100 73 327
i2
100 327 73
i0
-183 516 167
i1
100 74 326
i2
100 326 74
i0
-183 517 166
i1
100 74 326
i2
100 326 74
i0
-184 518 165
i1
100 74 326
i2
100 326 74
i0
-184 519 165
i1
100 74 326
i2
100 326 74
i0
-184 520 164
i1
100 75 325
i2
100 325 75
i0
-185 521 163
i1
100 75 325
i2
100 325 75
i0
-185 522 163
i1
100 75 325
i2
100 325 75
i0
-185 523 162
i1
100 75 325
i2
100 325 75
i0
-186 524 161
i1
100 76 324
i2
100 324 76
i0
-186 525 161
i1
100 76 324
i2
100 324 76
i0
-186 526 160
i1
100 76 324
i2
100 324 76
i0
-187 527 159
i1
100 77 323
i2
100 323 77
i0
-187 528 159
i1
100 77 323
i2
100 323 77
i0
-188 529 158
i1
100 77 323
i2
100 323 77
i0
-188 530 157
i1
100 77 323
i2
100 323 77
i0
-188 531 157
i1
100 78 322
i2
100 322 78
i0
-189 532 156
i1
100 78 322
i2
100 322 78
i0
-189 533 155
i1
100 78 322
i2
100 322 78
i0
-189 534 155
i1
100 79 321
i2
100 321 79
i0
-190 535 154
i1
100 79 321
i2
100 321 79
i0
-190 536 153
i1
100 79 321
i2
100 321 79
i0
-190 537 153
i1
100 79 321
i2
100 321 79
i0
-190 538 152
i1
100 80 320
i2
100 320 80
i0
-191 539 151
i1
100 80 320
i2
100 320 80
i0
-191 540 151
i1
100 80 320
i2
100 320 80
i0
-191 541 150
i1
100 81 319
i2
100 319 81
i0
-192 542 149
i1
100 81 319
i2
100 319 81
i0
-192 543 149
i1
100 81 319
i2
100 319 81
i0
-192 544 148
i1
100 82 318
i2
100 318 82
i0
-193 545 147
i1
100 82 318
i2
100 318 82
i0
-193 546 147
i1
100 82 318
i2
100 318 82
i0
-193 547 146
i1
100 83 317
i2
100 317 83
i0
-193 548 145
i1
100 83 317
i2
100 317 83
i0
-194 549 144
i1
100 83 317
i2
100 317 83
i0
-194 550 144
i1
100 84 316
i2
100 316 84
i0
-194 551 143
i1
100 84 316
i2
100 316 84
i0
-195 552 142
i1
100 84 316
i2
100 316 84
i0
-195 553 142
i1
100 85 315
i2
100 315 85
i0
-195 554 141
i1
100 85 315
i2
100 315 85
i0
-195 555 140
i1
100 85 315
i2
100 315 85
i0
-196 556 140
i1
100 86 314
i2
100 314 86
i0
-196 557 139
i1
100 86 314
i2
100 314 86
i0
-196 558 138
i1
100 86 314
i2
100 314 86
i0
-196 559 138
i1
100 87 313
i2
100 313 87
i0
-197 560 137
i1
100 87 313
i2
100 313 87
i0
-197 561 136
i1
100 88 312
i2
100 312 88
i0
-197 562 135
i1
100 88 312
i2
100 312 88
i0
-197 563 135
i1
100 88 312
i2
100 312 88
i0
-198 564 134
i1
100 89 311
i2
100 311 89
i0
-198 565 133
i1
100 89 311
i2
100 311 89
i0
-198 566 133
i1
100 90 310
i2
100 310 90
i0
-198 566 132
i1
100 90 310
i2
100 310 90
i0
-199 567 131
i1
100 90 310
i2
100 310 90
i0
-199 568 131
i1
100 91 309
i2
100 309 91
i0
-199 569 130
i1
100 91 309
i2
100 309 91
i0
-199 570 129
i1
100 91 309
i2
100 309 91
i0
-200 571 129
i1
100 92 308
i2
100 308 92
i0
-200 572 128
i1
100 92 308
i2
100 308 92
i0
-200 573 127
i1
100 93 307
i2
100 307 93
i0
-200 574 126
i1
100 93 307
i2
100 307 93
i0
-200 575 126
i1
100 94 306
i2
100 306 94
i0
-201 576 125
i1
100 94 306
i2
100 306 94
i0
-201 577 124
i1
100 94 306
i2
100 306 94
i0
-201 577 124
i1
100 95 305
i2
100 305 95
i0
-201 578 123
i1
100 95 305
i2
100 305 95
i0
-202 579 122
i1
100 96 304
i2
100 304 96
i0
-202 580 122
i1
100 96 304
i2
100 304 96
i0
-202 581 121
i1
100 97 303
i2
100 303 97
i0
-202 582 120
i1
100 97 303
i2
100 303 97
i0
-202 583 119
i1
100 97 303
i2
100 303 97
i0
-203 584 119
i1
100 98 302
i2
100 302 98
i0
-203 585 118
i1
100 98 302
i2
100 302 98
i0
-203 586 117
i1
100 99 301
i2
100 301 99
i0
-203 586 117
i1
100 99 301
i2
100 301 99
i0
-203 587 116
i1
100 100 300
i2
100 300 100
i0
-203 588 115
i1
100 100 300
i2
100 300 100
i0
-204 589 115
i1
100 101 299
i2
100 299 101
i0
-204 590 114
i1
100 101 299
i2
100 299 101
i0
-204 591 113
i1
100 102 298
i2
100 298 102
i0
-204 592 112
i1
100 102 298
i2
100 298 102
i0
-204 593 112
i1
100 103 297
i2
100 297 103
i0
-204 593 111
i1
100 103 297
i2
100 297 103
i0
-205 594 110
i1
100 104 296
i2
100 296 104
i0
-205 595 110
i1
100 104 296
i2
100 296 104
i0
-205 596 109
i1
100 105 295
i2
100 295 105
i0
-205 597 108
i1
100 105 295
i2
100 295 105
i0
-205 598 108
i1
100 106 294
i2
100 294 106
i0
-205 599 107
i1
100 106 294
i2
100 294 106
i0
-206 599 106
i1
100 107 293
i2
100 293 107
i0
-206 600 105
i1
100 107 293
i2
100 293 107
i0
-206 601 105
i1
100 108 292
i2
100 292 108
i0
-206 602 104
i1
100 108 292
i2
100 292 108
i0
-206 603 103
i1
100 109 291
i2
100 291 109
i0
-206 604 103
i1
100 109 291
i2
100 291 109
i0
-206 605 102
i1
100 110 290
i2
100 290 110
i0
-207 605 101
i1
100 110 290
i2
100 290 110
i0
-207 606 101
i1
100 111 289
i2
100 289 111
i0
-207 607 100
i1
100 111 289
i2
100 289 111
i0
-207 608 99
i1
100 112 288
i2
100 288 112
i0
-207 609 98
i1
100 112 288
i2
100 288 112
i0
-207 610 98
i1
100 113 287
i2
100 287 113
i0
-207 610 97
i1
100 114 286
i2
100 286 114
i0
-207 611 96
i1
100 114 286
i2
100 286 114
i0
-208 612 96
i1
100 115 285
i2
100 285 115
i0
-208 613 95
i1
100 115 285
i2
100 285 115
i0
-208 614 94
i1
100 116 284
i2
100 284 116
i0
-208 614 93
i1
100 116 284
i2
100 284 116
i0
-208 615 93
i1
100 117 283
i2
100 283 117
i0
-208 616 92
i1
100 118 282
i2
100 282 118
i0
-208 617 91
i1
100 118 282
i2
100 282 118
i0
-208 618 91
i1
100 119 281
i2
100 281 119
i0
-208 618 90
i1
100 119 281
i2
100 281 119
i0
-209 619 89
i1
100 120 280
i2
100 280 120
i0
-209 620 89
i1
100 121 279
i2
100 279 121
i0
-209 621 88
i1
100 121 279
i2
100 279 121
i0
-209 622 87
i1
100 122 278
i2
100 278 122
i0
-209 622 86
i1
100 122 278
i2
100 278 122
i0
-209 623 86
i1
100 123 277
i2
100 277 123
i0
-209 624 85
i1
100 124 276
i2
100 276 124
i0
-209 625 84
i1
100 124 276
i2
100 276 124
i0
-209 626 84
i1
100 125 275
i2
100 275 125
i0
-209 626 83
i1
100 126 274
i2
100 274 126
i0
-209 627 82
i1
100 126 274
i2
100 274 126
i0
-210 628 82
i1
100 127 273
i2
100 273 127
i0
-210 629 81
i1
100 128 272
i2
100 272 128
i0
-210 629 80
i1
100 128 272
i2
100 272 128
i0
-210 630 80
i1
100 129 271
i2
100 271 129
i0
-210 631 79
i1
100 130 270
i2
100 270 130
i0
-210 632 78
i1
100 130 270
i2
100 270 130
i0
-210 633 77
i1
100 131 269
i2
100 269 131
i0
-210 633 77
i1
100 132 268
i2
100 268 132
i0
-210 634 76
i1
100 132 268
i2
100 268 132
i0
-210 635 75
i1
100 133 267
i2
100 267 133
i0
-210 636 75
i1
100 134 266
i2
100 266 134
i0
-210 636 74
i1
100 134 266
i2
100 266 134
i0
-210 637 73
i1
100 135 265
i2
100 265 135
i0
-210 638 73
i1
100 136 264
i2
100 264 136
i0
-210 639 72
i1
100 136 264
i2
100 264 136
i0
-211 639 71
i1
100 137 263
i2
100 263 137
i0
-211 640 70
i1
100 138 262
i2
100 262 138
i0
-211 641 70
i1
100 139 261
i2
100 261 139
i0
-211 642 69
i1
100 139 261
i2
100 261 139
i0
-211 642 68
i1
100 140 260
i2
100 260 140
i0
-211 643 68
i1
100 141 259
i2
100 259 141
i0
-211 644 67
i1
100 142 258
i2
100 258 142
i0
-211 645 66
i1
100 142 258
i2
100 258 142
i0
-211 645 66
i1
100 143 257
i2
100 257 143
i0
-211 646 65
i1
100 144 256
i2
100 256 144
i0
-211 647 64
i1
100 145 255
i2
100 255 145
i0
-211 647 64
i1
100 146 254
i2
100 254 146
i0
-211 648 63
i1
100 146 254
i2
100 254 146
i0
-211 649 62
i1
100 147 253
i2
100 253 147
i0
-211 650 62
i1
100 148 252
i2
100 252 148
i0
-211 650 61
i1
100 149 251
i2
100 251 149
i0
-211 651 60
i1
100 150 250
i2
100 250 150
i0
-211 652 59
i1
100 150 250
i2
100 250 150
i0
-211 652 59
i1
100 151 249
i2
100 249 151
i0
-211 653 58
i1
100 152 248
i2
100 248 152
i0
-211 654 57
i1
100 153 247
i2
100 247 153
i0
-211 655 57
i1
100 154 246
i2
100 246 154
i0
-211 655 56
i1
100 155 245
i2
100 245 155
i0
-211 656 55
i1
100 155 245
i2
100 245 155
i0
-211 657 55
i1
100 156 244
i2
100 244 156
i0
-211 657 54
i1
100 157 243
i2
100 243 157
i0
-211 658 53
i1
100 158 242
i2
100 242 158
i0
-211 659 53
i1
100 159 241
i2
100 241 159
i0
-211 659 52
i1
100 160 240
i2
100 240 160
i0
-211 660 51
i1
100 161 239
i2
100 239 161
i0
-211 661 51
i1
100 162 238
i2
100 238 162
i0
-211 661 50
i1
100 163 237
i2
100 237 163
i0
-211 662 49
i1
100 164 236
i2
100 236 164
i0
-211 663 49
i1
100 165 235
i2
100 235 165
i0
-211 663 48
i1
100 166 234
i2
100 234 166
i0
-211 664 47
i1
100 166 234
i2
100 234 166
i0
-211 665 47
i1
100 167 233
i2
100 233 167
i0
-211 666 46
i1
100 168 232
i2
100 232 168
i0
-211 666 45
i1
100 169 231
i2
100 231 169
i0
-211 667 45
i1
100 170 230
i2
100 230 170
i0
-211 668 44
i1
100 171 229
i2
100 229 171
i0
-211 668 43
i1
100 173 227
i2
100 227 173
i0
-211 669 43
i1
100 174 226
i2
100 226 174
i0
-211 669 42
i1
100 175 225
i2
100 225 175
i0
-211 670 41
i1
100 176 224
i2
100 224 176
i0
-211 671 40
i1
100 177 223
i2
100 223 177
i0
-211 671 40
i1
100 178 222
i2
100 222 178
i0
-211 672 39
i1
100 179 221
i2
100 221 179
i0
-211 673 38
i1
100 180 220
i2
100 220 180
i0
-211 673 38
i1
100 181 219
i2
100 219 181
i0
-211 674 37
i1
100 182 218
i2
100 218 182
i0
-211 675 36
i1
100 184 216
i2
100 216 184
i0
-211 675 36
i1
100 185 215
i2
100 215 185
i0
-211 676 35
i1
100 186 214
i2
100 214 186
i0
-211 677 34
i1
100 187 213
i2
100 213 187
i0
-211 677 34
i1
100 189 211
i2
100 211 189
i0
-211 678 33
i1
100 190 210
i2
100 210 190
i0
-211 679 32
i1
100 191 209
i2
100 209 191
i0
-211 679 32
i1
100 193 207
i2
100 207 193
i0
-211 680 31
i1
100 194 206
i2
100 206 194
i0
-211 680 30
i1
100 195 205
i2
100 205 195
i0
-211 681 30
i1
100 197 203
i2
100 203 197
i0
-211 682 29
i1
100 199 201
i2
100 201 199
i0
-211 682 29
i1
100 201 199
i2
100 199 201
i0
-211 683 28
i1
100 202 198
i2
100 198 202
i0
-211 684 27
i1
100 203 197
i2
100 197 203
i0
-211 684 27
i1
100 204 196
i2
100 196 204
i0
-211 685 26
i1
100 205 195
i2
100 195 205
i0
-211 685 25
i1
100 206 194
i2
100 194 206
i0
-211 686 25
i1
100 207 193
i2
100 193 207
i0
-211 687 24
i1
100 208 192
i2
100 192 208
i0
-210 687 23
i1
100 209 191
i2
100 191 209
i0
-210 688 23
i1
100 210 190
i2
100 190 210
i0
-210 688 22
i1
100 211 189
i2
100 189 211
i0
-210 689 21
i1
100 211 189
i2
100 189 211
i0
-210 690 21
i1
100 212 188
i2
100 188 212
i0
-210 690 20
i1
100 213 187
i2
100 187 213
i0
-210 691 19
i1
100 213 187
i2
100 187 213
i0
-210 691 19
i1
100 214 186
i2
100 186 214
i0
-210 692 18
i1
100 215 185
i2
100 185 215
i0
-210 693 17
i1
100 215 185
i2
100 185 215
i0
-210 693 17
i1
100 216 184
i2
100 184 216
i0
-210 694 16
i1
100 216 184
i2
100 184 216
i0
-210 694 15
i1
100 217 183
i2
100 183 217
i0
-210 695 15
i1
100 217 183
i2
100 183 217
i0
-210 696 14
i1
100 218 182
i2
100 182 218
i0
-210 696 14
i1
100 218 182
i2
100 182 218
i0
-210 697 13
i1
100 219 181
i2
100 181 219
i0
-210 697 12
i1
100 219 181
i2
100 181 219
i0
-209 698 12
i1
100 220 180
i2
100 180 220
i0
-209 698 11
i1
100 220 180
i2
100 180 220
i0
-209 699 10
i1
100 220 180
i2
100 180 220
i0
-209 700 10
i1
100 221 179
i2
100 179 221
i0
-209 700 9
i1
100 221 179
i2
100 179 221
i0
-209 701 8
i1
100 221 179
i2
100 179 221
i0
-209 701 8
i1
100 222 178
i2
100 178 222
i0
-209 702 7
i1
100 222 178
i2
100 178 222
i0
-209 702 6
i1
100 222 178
i2
100 178 222
i0
-209 703 6
i1
100 223 177
i2
100 177 223
i0
-209 704 5
i1
100 223 177
i2
100 177 223
i0
-209 704 5
i1
100 223 177
i2
100 177 223
i0
-209 705 4
i1
100 223 177
i2
100 177 223
i0
-209 705 3
i1
100 223 177
i2
100 177 223
i0
-208 706 3
i1
100 224 176
i2
100 176 224
i0
-208 706 2
i1
100 224 176
i2
100 176 224
i0
-208 707 1
i1
100 224 176
i2
100 176 224
i0
-208 707 1
i1
100 224 176
i2
100 176 224
i0
-208 708 0
i1
100 224 176
i2
100 176 224
i0
-208 709 -0
i1
100 224 176
i2
100 176 224
i0
-208 709 -1
i1
100 225 175
i2
100 175 225
i0
-208 710 -2
i1
100 225 175
i2
100 175 225
i0
-208 710 -2
i1
100 225 175
i2
100 175 225
i0
-208 711 -3
i1
100 225 175
i2
100 175 225
i0
-208 711 -4
i1
100 225 175
i2
100 175 225
i0
-208 712 -4
i1
100 225 175
i2
100 175 225
i0
-207 712 -5
i1
100 225 175
i2
100 175 225
i0
-207 713 -6
i1
100 225 175
i2
100 175 225
i0
-207 713 -6
i1
100 225 175
i2
100 175 225
i0
-207 714 -7
i1
100 225 175
i2
100 175 225
i0
-207 714 -7
i1
100 225 175
i2
100 175 225
i0
-207 715 -8
i1
100 225 175
i2
100 175 225
i0
-207 715 -9
i1
100 225 175
i2
100 175 225
i0
-207 716 -9
i1
100 225 175
i2
100 175 225
i0
-207 717 -10
i1
100 225 175
i2
100 175 225
i0
-207 717 -10
i1
100 225 175
i2
100 175 225
i0
-206 718 -11
i1
100 224 176
i2
100 176 224
i0
-206 718 -12
i1
100 224 176
i2
100 176 224
i0
-206 719 -12
i1
100 224 176
i2
100 176 224
i0
-206 719 -13
i1
100 224 176
i2
100 176 224
i0
-206 720 -14
i1
100 224 176
i2
100 176 224
i0
-206 720 -14
i1
100 224 176
i2
100 176 224
i0
-206 721 -15
i1
100 224 176
i2
100 176 224
i0
-206 721 -15
i1
100 223 177
i2
100 177 223
i0
-206 722 -16
i1
100 223 177
i2
100 177 223
i0
-206 722 -17
i1
100 223 177
i2
100 177 223
i0
-205 723 -17
i1
100 223 177
i2
100 177 223
i0
-205 723 -18
i1
100 222 178
i2
100 178 222
i0
-205 724 -18
i1
100 222 178
i2
100 178 222
i0
-205 724 -19
i1
100 222 178
i2
100 178 222
i0
-205 725 -20
i1
100 222 178
i2
100 178 222
i0
-205 725 -20
i1
100 221 179
i2
100 179 221
i0
-205 726 -21
i1
100 221 179
i2
100 179 221
i0
-205 726 -21
i1
100 221 179
i2
100 179 221
i0
-205 727 -22
i1
100 220 180
i2
100 180 220
i0
-204 727 -23
i1
100 220 180
i2
100 180 220
i0
-204 728 -23
i1
100 219 181
i2
100 181 219
i0
-204 728 -24
i1
100 219 181
i2
100 181 219
i0
-204 729 -25
i1
100 219 181
i2
100 181 219
i0
-204 729 -25
i1
100 218 182
i2
100 182 218
i0
-204 730 -26
i1
100 218 182
i2
100 182 218
i0
-204 730 -26
i1
100 217 183
i2
100 183 217
i0
-204 730 -27
i1
100 217 183
i2
100 183 217
i0
-203 731 -28
i1
100 216 184
i2
100 184 216
i0
-203 731 -28
i1
100 216 184
i2
100 184 216
i0
-203 732 -29
i1
100 215 185
i2
100 185 215
i0
-203 732 -29
i1
100 214 186
i2
100 186 214
i0
-203 733 -30
i1
100 214 186
i2
100 186 214
i0
-203 733 -30
i1
100 213 187
i2
100 187 213
i0
-203 734 -31
i1
100 212 188
i2
100 188 212
i0
-203 734 -32
i1
100 212 188
i2
100 188 212
i0
-202 735 -32
i1
100 211 189
i2
100 189 211
i0
-202 735 -33
i1
100 210 190
i2
100 190 210
i0
-202 736 -33
i1
100 209 191
i2
100 191 209
i0
-202 736 -34
i1
100 209 191
i2
100 191 209
i0
-202 737 -35
i1
100 208 192
i2
100 192 208
i0
-202 737 -35
i1
100 207 193
i2
100 193 207
i0
-202 737 -36
i1
100 206 194
i2
100 194 206
i0
-201 738 -36
i1
100 205 195
i2
100 195 205
i0
-201 738 -37
i1
100 204 196
i2
100 196 204
i0
-201 739 -38
i1
100 203 197
i2
100 197 203
i0
-201 739 -38
i1
100 201 199
i2
100 199 201
i0
-201 740 -39
i1
100 200 200
i2
100 200 200
i0
-201 740 -39
i1
100 202 198
i2
100 198 202
i0
-201 741 -40
i1
100 204 196
i2
100 196 204
i0
-200 741 -40
i1
100 206 194
i2
100 194 206
i0
-200 741 -41
i1
100 208 192
i2
100 192 208
i0
-200 742 -42
i1
100 210 190
i2
100 190 210
i0
-200 742 -42
i1
100 211 189
i2
100 189 211
i0
-200 743 -43
i1
100 213 187
i2
100 187 213
i0
-200 743 -43
i1
100 215 185
i2
100 185 215
i0
-200 744 -44
i1
100 216 184
i2
100 184 216
i0
-199 744 -45
i1
100 218 182
i2
100 182 218
i0
-199 744 -45
i1
100 220 180
i2
100 180 220
i0
-199 745 -46
i1
100 221 179
i2
100 179 221
i0
-199 745 -46
i1
100 223 177
i2
100 177 223
i0
-199 746 -47
i1
100 225 175
i2
100 175 225
i0
-199 746 -47
i1
100 226 174
i2
100 174 226
i0
-199 747 -48
i1
100 228 172
i2
100 172 228
i0
-198 747 -49
i1
100 229 171
i2
100 171 229
i0
-198 747 -49
i1
100 231 169
i2
100 169 231
i0
-198 748 -50
i1
100 232 168
i2
100 168 232
i0
-198 748 -50
i1
100 234 166
i2
100 166 234
i0
-198 749 -51
i1
100 235 165
i2
100 165 235
i0
-198 749 -51
i1
100 237 163
i2
100 163 237
i0
-197 749 -52
i1
100 238 162
i2
100 162 238
i0
-197 750 -53
i1
100 240 160
i2
100 160 240
i0
-197 750 -53
i1
100 241 159
i2
100 159 241
i0
-197 751 -54
i1
100 243 157
i2
100 157 243
i0
-197 751 -54
i1
100 244 156
i2
100 156 244
i0
-197 751 -55
i1
100 246 154
i2
100 154 246
i0
-196 752 -55
i1
100 247 153
i2
100 153 247
i0
-196 752 -56
i1
100 249 151
i2
100 151 249
i0
-196 753 -56
i1
100 250 150
i2
100 150 250
i0
-196 753 -57
i1
100 251 149
i2
100 149 251
i0
-196 753 -58
i1
100 253 147
i2
100 147 253
i0
-196 754 -58
i1
100 254 146
i2
100 146 254
i0
-195 754 -59
i1
100 256 144
i2
100 144 256
i0
-195 755 -59
i1
100 257 143
i2
100 143 257
i0
-195 755 -60
i1
100 258 142
i2
100 142 258
i0
-195 755 -60
i1
100 260 140
i2
100 140 260
i0
-195 756 -61
i1
100 261 139
i2
100 139 261
i0
-195 756 -62
i1
100 263 137
i2
100 137 263
i0
-194 756 -62
i1
100 264 136
i2
100 136 264
i0
-194 757 -63
i1
100 265 135
i2
100 135 265
i0
-194 757 -63
i1
100 267 133
i2
100 133 267
i0
-194 758 -64
i1
100 268 132
i2
100 132 268
i0
-194 758 -64
i1
100 269 131
i2
100 131 269
i0
-194 758 -65
i1
100 271 129
i2
100 129 271
i0
-193 759 -65
i1
100 272 128
i2
100 128 272
i0
-193 759 -66
i1
100 273 127
i2
100 127 273
i0
-193 759 -66
i1
100 275 125
i2
100 125 275
i0
-193 760 -67
i1
100 276 124
i2
100 124 276
i0
-193 760 -68
i1
100 277 123
i2
100 123 277
i0
-192 761 -68
i1
100 279 121
i2
100 121 279
i0
-192 761 -69
i1
100 280 120
i2
100 120 280
i0
-192 761 -69
i1
100 281 119
i2
100 119 281
i0
-192 762 -70
i1
100 283 117
i2
100 117 283
i0
-192 762 -70
i1
100 284 116
i2
100 116 284
i0
-192 762 -71
i1
100 285 115
i2
100 115 285
i0
-191 763 -71
i1
100 287 113
i2
100 113 287
i0
-191 763 -72
i1
100 288 112
i2
100 112 288
i0
-191 763 -72
i1
100 289 111
i2
100 111 289
i0
-191 764 -73
i1
100 290 110
i2
100 110 290
i0
-191 764 -74
i1
100 292 108
i2
100 108 292
i0
-190 764 -74
i1
100 293 107
i2
100 107 293
i0
-190 765 -75
i1
100 294 106
i2
100 106 294
i0
-190 765 -75
i1
100 296 104
i2
100 104 296
i0
-190 766 -76
i1
100 297 103
i2
100 103 297
i0
-190 766 -76
i1
100 298 102
i2
100 102 298
i0
-189 766 -77
i1
100 299 101
i2
100 101 299
i0
-189 767 -77
i1
100 301 99
i2
100 99 301
i0
-189 767 -78
i1
100 302 98
i2
100 98 302
i0
-189 767 -78
i1
100 303 97
i2
100 97 303
i0
-189 768 -79
i1
100 304 96
i2
100 96 304
i0
-189 768 -79
i1
100 306 94
i2
100 94 306
i0
-188 768 -80
i1
100 307 93
i2
100 93 307
