i0
300 1000 1000
i1
100 300 100
i2
100 100 300
i0
300 1000 1000
i1
100 300 100
i2
100 100 300
i0
300 1000 1000
i1
100 300 100
i2
100 100 300
i0
300 1000 1000
i1
100 300 100
i2
100 100 300
i0
300 1000 1000
i1
100 300 100
i2
100 100 300
i0
300 1000 1000
i1
100 300 100
i2
100 100 300
i0
300 1000 1000
i1
100 300 100
i2
100 100 300
i0
300 1000 1000
i1
100 300 100
i2
100 100 300
i0
300 1000 1000
i1
100 300 100
i2
100 100 300
i0
300 1000 1000
i1
100 300 100
i2
100 100 300
i0
300 1000 1000
i1
100 300 100
i2
100 100 300
i0
300 1000 1000
i1
100 300 100
i2
100 100 300
i0
300 1000 1000
i1
100 300 100
i2
100 100 300
i0
300 1000 1000
i1
100 300 100
i2
100 100 300
i0
300 1000 1000
i1
100 300 100
i2
100 100 300
i0
300 1000 1000
i1
100 300 100
i2
100 100 300
i0
300 1000 1000
i1
100 299 101
i2
100 101 299
i0
300 1000 1000
i1
100 299 101
i2
100 101 299
i0
300 1000 1000
i1
100 299 101
i2
100 101 299
i0
300 1000 1000
i1
100 299 101
i2
100 101 299
i0
300 1000 1000
i1
100 299 101
i2
100 101 299
i0
300 1000 1000
i1
100 299 101
i2
100 101 299
i0
300 1000 1000
i1
100 299 101
i2
100 101 299
i0
300 1000 1000
i1
100 299 101
i2
100 101 299
i0
300 1000 1000
i1
100 299 101
i2
100 101 299
i0
300 1000 1000
i1
100 299 101
i2
100 101 299
i0
300 1000 1000
i1
100 299 101
i2
100 101 299
i0
300 1000 1000
i1
100 299 101
i2
100 101 299
i0
300 1000 1000
i1
100 299 101
i2
100 101 299
i0
300 1000 1000
i1
100 298 102
i2
100 102 298
i0
300 1000 1000
i1
100 298 102
i2
100 102 298
i0
300 1000 1000
i1
100 298 102
i2
100 102 298
i0
300 999 1000
i1
100 298 102
i2
100 102 298
i0
300 999 1000
i1
100 298 102
i2
100 102 298
i0
300 999 1000
i1
100 298 102
i2
100 102 298
i0
300 999 1000
i1
100 298 102
i2
100 102 298
i0
300 999 1000
i1
100 298 102
i2
100 102 298
i0
300 999 999
i1
100 298 102
i2
100 102 298
i0
300 999 999
i1
100 297 103
i2
100 103 297
i0
300 999 999
i1
100 297 103
i2
100 103 297
i0
300 999 999
i1
100 297 103
i2
100 103 297
i0
300 999 999
i1
100 297 103
i2
100 103 297
i0
300 999 999
i1
100 297 103
i2
100 103 297
i0
300 999 999
i1
100 297 103
i2
100 103 297
i0
300 999 999
i1
100 297 103
i2
100 103 297
i0
300 999 999
i1
100 296 104
i2
100 104 296
i0
300 999 999
i1
100 296 104
i2
100 104 296
i0
300 999 999
i1
100 296 104
i2
100 104 296
i0
300 999 999
i1
100 296 104
i2
100 104 296
i0
300 999 999
i1
100 296 104
i2
100 104 296
i0
300 999 999
i1
100 296 104
i2
100 104 296
i0
300 999 999
i1
100 295 105
i2
100 105 295
i0
300 999 999
i1
100 295 105
i2
100 105 295
i0
300 999 999
i1
100 295 105
i2
100 105 295
i0
300 999 999
i1
100 295 105
i2
100 105 295
i0
300 999 999
i1
100 295 105
i2
100 105 295
i0
300 999 999
i1
100 294 106
i2
100 106 294
i0
300 998 999
i1
100 294 106
i2
100 106 294
i0
300 998 999
i1
100 294 106
i2
100 106 294
i0
300 998 999
i1
100 294 106
i2
100 106 294
i0
300 998 999
i1
100 294 106
i2
100 106 294
i0
300 998 999
i1
100 293 107
i2
100 107 293
i0
300 998 999
i1
100 293 107
i2
100 107 293
i0
300 998 999
i1
100 293 107
i2
100 107 293
i0
300 998 999
i1
100 293 107
i2
100 107 293
i0
300 998 998
i1
100 293 107
i2
100 107 293
i0
300 998 998
i1
100 292 108
i2
100 108 292
i0
300 998 998
i1
100 292 108
i2
100 108 292
i0
300 998 998
i1
100 292 108
i2
100 108 292
i0
300 998 998
i1
100 292 108
i2
100 108 292
i0
299 998 998
i1
100 291 109
i2
100 109 291
i0
299 998 998
i1
100 291 109
i2
100 109 291
i0
299 998 998
i1
100 291 109
i2
100 109 291
i0
299 998 998
i1
100 291 109
i2
100 109 291
i0
299 997 998
i1
100 290 110
i2
100 110 290
i0
299 997 998
i1
100 290 110
i2
100 110 290
i0
299 997 998
i1
100 290 110
i2
100 110 290
i0
299 997 998
i1
100 290 110
i2
100 110 290
i0
299 997 998
i1
100 289 111
i2
100 111 289
i0
299 997 998
i1
100 289 111
i2
100 111 289
i0
299 997 998
i1
100 289 111
i2
100 111 289
i0
299 997 998
i1
100 288 112
i2
100 112 288
i0
299 997 998
i1
100 288 112
i2
100 112 288
i0
299 997 998
i1
100 288 112
i2
100 112 288
i0
299 997 997
i1
100 288 112
i2
100 112 288
i0
299 997 997
i1
100 287 113
i2
100 113 287
i0
299 997 997
i1
100 287 113
i2
100 113 287
i0
299 996 997
i1
100 287 113
i2
100 113 287
i0
299 996 997
i1
100 286 114
i2
100 114 286
i0
299 996 997
i1
100 286 114
i2
100 114 286
i0
299 996 997
i1
100 286 114
i2
100 114 286
i0
299 996 997
i1
100 285 115
i2
100 115 285
i0
299 996 997
i1
100 285 115
i2
100 115 285
i0
299 996 997
i1
100 285 115
i2
100 115 285
i0
299 996 997
i1
100 284 116
i2
100 116 284
i0
299 996 997
i1
100 284 116
i2
100 116 284
i0
299 996 997
i1
100 284 116
i2
100 116 284
i0
299 996 997
i1
100 283 117
i2
100 117 283
i0
299 996 997
i1
100 283 117
i2
100 117 283
i0
299 995 996
i1
100 283 117
i2
100 117 283
i0
299 995 996
i1
100 282 118
i2
100 118 282
i0
299 995 996
i1
100 282 118
i2
100 118 282
i0
299 995 996
i1
100 282 118
i2
100 118 282
i0
299 995 996
i1
100 281 119
i2
100 119 281
i0
299 995 996
i1
100 281 119
i2
100 119 281
i0
299 995 996
i1
100 280 120
i2
100 120 280
i0
299 995 996
i1
100 280 120
i2
100 120 280
i0
299 995 996
i1
100 280 120
i2
100 120 280
i0
299 995 996
i1
100 279 121
i2
100 121 279
i0
299 995 996
i1
100 279 121
i2
100 121 279
i0
299 994 996
i1
100 278 122
i2
100 122 278
i0
299 994 996
i1
100 278 122
i2
100 122 278
i0
299 994 995
i1
100 278 122
i2
100 122 278
i0
299 994 995
i1
100 277 123
i2
100 123 277
i0
299 994 995
i1
100 277 123
i2
100 123 277
i0
299 994 995
i1
100 276 124
i2
100 124 276
i0
299 994 995
i1
100 276 124
i2
100 124 276
i0
299 994 995
i1
100 276 124
i2
100 124 276
i0
299 994 995
i1
100 275 125
i2
100 125 275
i0
299 994 995
i1
100 275 125
i2
100 125 275
i0
299 993 995
i1
100 274 126
i2
100 126 274
i0
299 993 995
i1
100 274 126
i2
100 126 274
i0
298 993 995
i1
100 273 127
i2
100 127 273
i0
298 993 995
i1
100 273 127
i2
100 127 273
i0
298 993 994
i1
100 272 128
i2
100 128 272
i0
298 993 994
i1
100 272 128
i2
100 128 272
i0
298 993 994
i1
100 271 129
i2
100 129 271
i0
298 993 994
i1
100 271 129
i2
100 129 271
i0
298 993 994
i1
100 271 129
i2
100 129 271
i0
298 992 994
i1
100 270 130
i2
100 130 270
i0
298 992 994
i1
100 270 130
i2
100 130 270
i0
298 992 994
i1
100 269 131
i2
100 131 269
i0
298 992 994
i1
100 269 131
i2
100 131 269
i0
298 992 994
i1
100 268 132
i2
100 132 268
i0
298 992 994
i1
100 268 132
i2
100 132 268
i0
298 992 993
i1
100 267 133
i2
100 133 267
i0
298 992 993
i1
100 266 134
i2
100 134 266
i0
298 991 993
i1
100 266 134
i2
100 134 266
i0
298 991 993
i1
100 265 135
i2
100 135 265
i0
298 991 993
i1
100 265 135
i2
100 135 265
i0
298 991 993
i1
100 264 136
i2
100 136 264
i0
298 991 993
i1
100 264 136
i2
100 136 264
i0
298 991 993
i1
100 263 137
i2
100 137 263
i0
298 991 993
i1
100 263 137
i2
100 137 263
i0
298 991 993
i1
100 262 138
i2
100 138 262
i0
298 990 992
i1
100 262 138
i2
100 138 262
i0
298 990 992
i1
100 261 139
i2
100 139 261
i0
298 990 992
i1
100 260 140
i2
100 140 260
i0
298 990 992
i1
100 260 140
i2
100 140 260
i0
298 990 992
i1
100 259 141
i2
100 141 259
i0
298 990 992
i1
100 259 141
i2
100 141 259
i0
298 990 992
i1
100 258 142
i2
100 142 258
i0
298 989 992
i1
100 257 143
i2
100 143 257
i0
298 989 992
i1
100 257 143
i2
100 143 257
i0
298 989 991
i1
100 256 144
i2
100 144 256
i0
298 989 991
i1
100 256 144
i2
100 144 256
i0
298 989 991
i1
100 255 145
i2
100 145 255
i0
297 989 991
i1
100 254 146
i2
100 146 254
i0
297 989 991
i1
100 254 146
i2
100 146 254
i0
297 989 991
i1
100 253 147
i2
100 147 253
i0
297 988 991
i1
100 252 148
i2
100 148 252
i0
297 988 991
i1
100 252 148
i2
100 148 252
i0
297 988 991
i1
100 251 149
i2
100 149 251
i0
297 988 990
i1
100 250 150
i2
100 150 250
i0
297 988 990
i1
100 250 150
i2
100 150 250
i0
297 988 990
i1
100 249 151
i2
100 151 249
i0
297 987 990
i1
100 248 152
i2
100 152 248
i0
297 987 990
i1
100 248 152
i2
100 152 248
i0
297 987 990
i1
100 247 153
i2
100 153 247
i0
297 987 990
i1
100 246 154
i2
100 154 246
i0
297 987 990
i1
100 246 154
i2
100 154 246
i0
297 987 989
i1
100 245 155
i2
100 155 245
i0
297 987 989
i1
100 244 156
i2
100 156 244
i0
297 986 989
i1
100 243 157
i2
100 157 243
i0
297 986 989
i1
100 243 157
i2
100 157 243
i0
297 986 989
i1
100 242 158
i2
100 158 242
i0
297 986 989
i1
100 241 159
i2
100 159 241
i0
297 986 989
i1
100 240 160
i2
100 160 240
i0
297 986 989
i1
100 239 161
i2
100 161 239
i0
297 985 988
i1
100 239 161
i2
100 161 239
i0
297 985 988
i1
100 238 162
i2
100 162 238
i0
297 985 988
i1
100 237 163
i2
100 163 237
i0
297 985 988
i1
100 236 164
i2
100 164 236
i0
297 985 988
i1
100 235 165
i2
100 165 235
i0
297 985 988
i1
100 235 165
i2
100 165 235
i0
297 985 988
i1
100 234 166
i2
100 166 234
i0
296 984 987
i1
100 233 167
i2
100 167 233
i0
296 984 987
i1
100 232 168
i2
100 168 232
i0
296 984 987
i1
100 231 169
i2
100 169 231
i0
296 984 987
i1
100 230 170
i2
100 170 230
i0
296 984 987
i1
100 229 171
i2
100 171 229
i0
296 983 987
i1
100 228 172
i2
100 172 228
i0
296 983 987
i1
100 228 172
i2
100 172 228
i0
296 983 987
i1
100 227 173
i2
100 173 227
i0
296 983 986
i1
100 226 174
i2
100 174 226
i0
296 983 986
i1
100 225 175
i2
100 175 225
i0
296 983 986
i1
100 224 176
i2
100 176 224
i0
296 982 986
i1
100 223 177
i2
100 177 223
i0
296 982 986
i1
100 222 178
i2
100 178 222
i0
296 982 986
i1
100 221 179
i2
100 179 221
i0
296 982 986
i1
100 220 180
i2
100 180 220
i0
296 982 985
i1
100 219 181
i2
100 181 219
i0
296 982 985
i1
100 218 182
i2
100 182 218
i0
296 981 985
i1
100 216 184
i2
100 184 216
i0
296 981 985
i1
100 215 185
i2
100 185 215
i0
296 981 985
i1
100 214 186
i2
100 186 214
i0
296 981 985
i1
100 213 187
i2
100 187 213
i0
296 981 984
i1
100 212 188
i2
100 188 212
i0
296 980 984
i1
100 211 189
i2
100 189 211
i0
296 980 984
i1
100 209 191
i2
100 191 209
i0
296 980 984
i1
100 208 192
i2
100 192 208
i0
295 980 984
i1
100 207 193
i2
100 193 207
i0
295 980 984
i1
100 205 195
i2
100 195 205
i0
295 980 984
i1
100 204 196
i2
100 196 204
i0
295 979 983
i1
100 203 197
i2
100 197 203
i0
295 979 983
i1
100 201 199
i2
100 199 201
i0
295 979 983
i1
100 199 201
i2
100 201 199
i0
295 979 983
i1
100 197 203
i2
100 203 197
i0
295 979 983
i1
100 196 204
i2
100 204 196
i0
295 978 983
i1
100 194 206
i2
100 206 194
i0
295 978 982
i1
100 193 207
i2
100 207 193
i0
295 978 982
i1
100 191 209
i2
100 209 191
i0
295 978 982
i1
100 190 210
i2
100 210 190
i0
295 978 982
i1
100 189 211
i2
100 211 189
i0
295 977 982
i1
100 187 213
i2
100 213 187
i0
295 977 982
i1
100 186 214
i2
100 214 186
i0
295 977 981
i1
100 185 215
i2
100 215 185
i0
295 977 981
i1
100 184 216
i2
100 216 184
i0
295 977 981
i1
100 183 217
i2
100 217 183
i0
295 976 981
i1
100 181 219
i2
100 219 181
i0
295 976 981
i1
100 180 220
i2
100 220 180
i0
295 976 981
i1
100 179 221
i2
100 221 179
i0
295 976 980
i1
100 178 222
i2
100 222 178
i0
294 976 980
i1
100 177 223
i2
100 223 177
i0
294 975 980
i1
100 176 224
i2
100 224 176
i0
294 975 980
i1
100 175 225
i2
100 225 175
i0
294 975 980
i1
100 174 226
i2
100 226 174
i0
294 975 979
i1
100 173 227
i2
100 227 173
i0
294 975 979
i1
100 172 228
i2
100 228 172
i0
294 974 979
i1
100 171 229
i2
100 229 171
i0
294 974 979
i1
100 170 230
i2
100 230 170
i0
294 974 979
i1
100 169 231
i2
100 231 169
i0
294 974 979
i1
100 168 232
i2
100 232 168
i0
294 974 978
i1
100 167 233
i2
100 233 167
i0
294 973 978
i1
100 166 234
i2
100 234 166
i0
294 973 978
i1
100 165 235
i2
100 235 165
i0
294 973 978
i1
100 164 236
i2
100 236 164
i0
294 973 978
i1
100 163 237
i2
100 237 163
i0
294 972 977
i1
100 162 238
i2
100 238 162
i0
294 972 977
i1
100 161 239
i2
100 239 161
i0
294 972 977
i1
100 160 240
i2
100 240 160
i0
294 972 977
i1
100 159 241
i2
100 241 159
i0
294 972 977
i1
100 158 242
i2
100 242 158
i0
293 971 977
i1
100 157 243
i2
100 243 157
i0
293 971 976
i1
100 156 244
i2
100 244 156
i0
293 971 976
i1
100 156 244
i2
100 244 156
i0
293 971 976
i1
100 155 245
i2
100 245 155
i0
293 970 976
i1
100 154 246
i2
100 246 154
i0
293 970 976
i1
100 153 247
i2
100 247 153
i0
293 970 975
i1
100 152 248
i2
100 248 152
i0
293 970 975
i1
100 151 249
i2
100 249 151
i0
293 970 975
i1
100 150 250
i2
100 250 150
i0
293 969 975
i1
100 150 250
i2
100 250 150
i0
293 969 975
i1
100 149 251
i2
100 251 149
i0
293 969 974
i1
100 148 252
i2
100 252 148
i0
293 969 974
i1
100 147 253
i2
100 253 147
i0
293 968 974
i1
100 146 254
i2
100 254 146
i0
293 968 974
i1
100 146 254
i2
100 254 146
i0
293 968 974
i1
100 145 255
i2
100 255 145
i0
293 968 973
i1
100 144 256
i2
100 256 144
i0
293 967 973
i1
100 143 257
i2
100 257 143
i0
293 967 973
i1
100 143 257
i2
100 257 143
i0
292 967 973
i1
100 142 258
i2
100 258 142
i0
292 967 972
i1
100 141 259
i2
100 259 141
i0
292 967 972
i1
100 140 260
i2
100 260 140
i0
292 966 972
i1
100 139 261
i2
100 261 139
i0
292 966 972
i1
100 139 261
i2
100 261 139
i0
292 966 972
i1
100 138 262
i2
100 262 138
i0
292 966 971
i1
100 137 263
i2
100 263 137
i0
292 965 971
i1
100 137 263
i2
100 263 137
i0
292 965 971
i1
100 136 264
i2
100 264 136
i0
292 965 971
i1
100 135 265
i2
100 265 135
i0
292 965 971
i1
100 134 266
i2
100 266 134
i0
292 964 970
i1
100 134 266
i2
100 266 134
i0
292 964 970
i1
100 133 267
i2
100 267 133
i0
292 964 970
i1
100 132 268
i2
100 268 132
i0
292 964 970
i1
100 132 268
i2
100 268 132
i0
292 963 969
i1
100 131 269
i2
100 269 131
i0
292 963 969
i1
100 130 270
i2
100 270 130
i0
291 963 969
i1
100 130 270
i2
100 270 130
i0
291 963 969
i1
100 129 271
i2
100 271 129
i0
291 962 969
i1
100 128 272
i2
100 272 128
i0
291 962 968
i1
100 128 272
i2
100 272 128
i0
291 962 968
i1
100 127 273
i2
100 273 127
i0
291 962 968
i1
100 126 274
i2
100 274 126
i0
291 961 968
i1
100 126 274
i2
100 274 126
i0
291 961 967
i1
100 125 275
i2
100 275 125
i0
291 961 967
i1
100 124 276
i2
100 276 124
i0
291 961 967
i1
100 124 276
i2
100 276 124
i0
291 960 967
i1
100 123 277
i2
100 277 123
i0
291 960 966
i1
100 122 278
i2
100 278 122
i0
291 960 966
i1
100 122 278
i2
100 278 122
i0
291 960 966
i1
100 121 279
i2
100 279 121
i0
291 959 966
i1
100 121 279
i2
100 279 121
i0
291 959 966
i1
100 120 280
i2
100 280 120
i0
291 959 965
i1
100 119 281
i2
100 281 119
i0
290 959 965
i1
100 119 281
i2
100 281 119
i0
290 958 965
i1
100 118 282
i2
100 282 118
i0
290 958 965
i1
100 118 282
i2
100 282 118
i0
290 958 964
i1
100 117 283
i2
100 283 117
i0
290 958 964
i1
100 116 284
i2
100 284 116
i0
290 957 964
i1
100 116 284
i2
100 284 116
i0
290 957 964
i1
100 115 285
i2
100 285 115
i0
290 957 963
i1
100 115 285
i2
100 285 115
i0
290 956 963
i1
100 114 286
i2
100 286 114
i0
290 956 963
i1
100 114 286
i2
100 286 114
i0
290 956 963
i1
100 113 287
i2
100 287 113
i0
290 956 962
i1
100 112 288
i2
100 288 112
i0
290 955 962
i1
100 112 288
i2
100 288 112
i0
290 955 962
i1
100 111 289
i2
100 289 111
i0
290 955 962
i1
100 111 289
i2
100 289 111
i0
289 955 961
i1
100 110 290
i2
100 290 110
i0
289 954 961
i1
100 110 290
i2
100 290 110
i0
289 954 961
i1
100 109 291
i2
100 291 109
i0
289 954 961
i1
100 109 291
i2
100 291 109
i0
289 953 960
i1
100 108 292
i2
100 292 108
i0
289 953 960
i1
100 108 292
i2
100 292 108
i0
289 953 960
i1
100 107 293
i2
100 293 107
i0
289 953 960
i1
100 107 293
i2
100 293 107
i0
289 952 959
i1
100 106 294
i2
100 294 106
i0
289 952 959
i1
100 106 294
i2
100 294 106
i0
289 952 959
i1
100 105 295
i2
100 295 105
i0
289 952 958
i1
100 105 295
i2
100 295 105
i0
289 951 958
i1
100 104 296
i2
100 296 104
i0
289 951 958
i1
100 104 296
i2
100 296 104
i0
289 951 958
i1
100 103 297
i2
100 297 103
i0
288 950 957
i1
100 103 297
i2
100 297 103
i0
288 950 957
i1
100 102 298
i2
100 298 102
i0
288 950 957
i1
100 102 298
i2
100 298 102
i0
288 950 957
i1
100 101 299
i2
100 299 101
i0
288 949 956
i1
100 101 299
i2
100 299 101
i0
288 949 956
i1
100 100 300
i2
100 300 100
i0
288 949 956
i1
100 100 300
i2
100 300 100
i0
288 948 956
i1
100 99 301
i2
100 301 99
i0
288 948 955
i1
100 99 301
i2
100 301 99
i0
288 948 955
i1
100 98 302
i2
100 302 98
i0
288 948 955
i1
100 98 302
i2
100 302 98
i0
288 947 954
i1
100 97 303
i2
100 303 97
i0
288 947 954
i1
100 97 303
i2
100 303 97
i0
288 947 954
i1
100 97 303
i2
100 303 97
i0
287 946 954
i1
100 96 304
i2
100 304 96
i0
287 946 953
i1
100 96 304
i2
100 304 96
i0
287 946 953
i1
100 95 305
i2
100 305 95
i0
287 945 953
i1
100 95 305
i2
100 305 95
i0
287 945 952
i1
100 94 306
i2
100 306 94
i0
287 945 952
i1
100 94 306
i2
100 306 94
i0
287 945 952
i1
100 94 306
i2
100 306 94
i0
287 944 952
i1
100 93 307
i2
100 307 93
i0
287 944 951
i1
100 93 307
i2
100 307 93
i0
287 944 951
i1
100 92 308
i2
100 308 92
i0
287 943 951
i1
100 92 308
i2
100 308 92
i0
287 943 950
i1
100 92 308
i2
100 308 92
i0
287 943 950
i1
100 91 309
i2
100 309 91
i0
287 942 950
i1
100 91 309
i2
100 309 91
i0
286 942 950
i1
100 90 310
i2
100 310 90
i0
286 942 949
i1
100 90 310
i2
100 310 90
i0
286 942 949
i1
100 90 310
i2
100 310 90
i0
286 941 949
i1
100 89 311
i2
100 311 89
i0
286 941 948
i1
100 89 311
i2
100 311 89
i0
286 941 948
i1
100 88 312
i2
100 312 88
i0
286 940 948
i1
100 88 312
i2
100 312 88
i0
286 940 947
i1
100 88 312
i2
100 312 88
i0
286 940 947
i1
100 87 313
i2
100 313 87
i0
286 939 947
i1
100 87 313
i2
100 313 87
i0
286 939 947
i1
100 87 313
i2
100 313 87
i0
286 939 946
i1
100 86 314
i2
100 314 86
i0
286 938 946
i1
100 86 314
i2
100 314 86
i0
285 938 946
i1
100 85 315
i2
100 315 85
i0
285 938 945
i1
100 85 315
i2
100 315 85
i0
285 938 945
i1
100 85 315
i2
100 315 85
i0
285 937 945
i1
100 84 316
i2
100 316 84
i0
285 937 944
i1
100 84 316
i2
100 316 84
i0
285 937 944
i1
100 84 316
i2
100 316 84
i0
285 936 944
i1
100 83 317
i2
100 317 83
i0
285 936 943
i1
100 83 317
i2
100 317 83
i0
285 936 943
i1
100 83 317
i2
100 317 83
i0
285 935 943
i1
100 82 318
i2
100 318 82
i0
285 935 942
i1
100 82 318
i2
100 318 82
i0
285 935 942
i1
100 82 318
i2
100 318 82
i0
285 934 942
i1
100 81 319
i2
100 319 81
i0
284 934 942
i1
100 81 319
i2
100 319 81
i0
284 934 941
i1
100 81 319
i2
100 319 81
i0
284 933 941
i1
100 80 320
i2
100 320 80
i0
284 933 941
i1
100 80 320
i2
100 320 80
i0
284 933 940
i1
100 80 320
i2
100 320 80
i0
284 932 940
i1
100 80 320
i2
100 320 80
i0
284 932 940
i1
100 79 321
i2
100 321 79
i0
284 932 939
i1
100 79 321
i2
100 321 79
i0
284 931 939
i1
100 79 321
i2
100 321 79
i0
284 931 939
i1
100 78 322
i2
100 322 78
i0
284 931 938
i1
100 78 322
i2
100 322 78
i0
284 930 938
i1
100 78 322
i2
100 322 78
i0
283 930 938
i1
100 77 323
i2
100 323 77
i0
283 930 937
i1
100 77 323
i2
100 323 77
i0
283 929 937
i1
100 77 323
i2
100 323 77
i0
283 929 937
i1
100 77 323
i2
100 323 77
i0
283 929 936
i1
100 76 324
i2
100 324 76
i0
283 928 936
i1
100 76 324
i2
100 324 76
i0
283 928 936
i1
100 76 324
i2
100 324 76
i0
283 928 935
i1
100 75 325
i2
100 325 75
i0
283 927 935
i1
100 75 325
i2
100 325 75
i0
283 927 935
i1
100 75 325
i2
100 325 75
i0
283 927 934
i1
100 75 325
i2
100 325 75
i0
283 926 934
i1
100 74 326
i2
100 326 74
i0
282 926 933
i1
100 74 326
i2
100 326 74
i0
282 926 933
i1
100 74 326
i2
100 326 74
i0
282 925 933
i1
100 74 326
i2
100 326 74
i0
282 925 932
i1
100 73 327
i2
100 327 73
i0
282 925 932
i1
100 73 327
i2
100 327 73
i0
282 924 932
i1
100 73 327
i2
100 327 73
i0
282 924 931
i1
100 73 327
i2
100 327 73
i0
282 924 931
i1
100 72 328
i2
100 328 72
i0
282 923 931
i1
100 72 328
i2
100 328 72
i0
282 923 930
i1
100 72 328
i2
100 328 72
i0
282 923 930
i1
100 72 328
i2
100 328 72
i0
281 922 930
i1
100 72 328
i2
100 328 72
i0
281 922 929
i1
100 71 329
i2
100 329 71
i0
281 922 929
i1
100 71 329
i2
100 329 71
i0
281 921 929
i1
100 71 329
i2
100 329 71
i0
281 921 928
i1
100 71 329
i2
100 329 71
i0
281 921 928
i1
100 70 330
i2
100 330 70
i0
281 920 927
i1
100 70 330
i2
100 330 70
i0
281 920 927
i1
100 70 330
i2
100 330 70
i0
281 919 927
i1
100 70 330
i2
100 330 70
i0
281 919 926
i1
100 70 330
i2
100 330 70
i0
281 919 926
i1
100 69 331
i2
100 331 69
i0
281 918 926
i1
100 69 331
i2
100 331 69
i0
280 918 925
i1
100 69 331
i2
100 331 69
i0
280 918 925
i1
100 69 331
i2
100 331 69
i0
280 917 925
i1
100 69 331
i2
100 331 69
i0
280 917 924
i1
100 68 332
i2
100 332 68
i0
280 917 924
i1
100 68 332
i2
100 332 68
i0
280 916 923
i1
100 68 332
i2
100 332 68
i0
280 916 923
i1
100 68 332
i2
100 332 68
i0
280 916 923
i1
100 68 332
i2
100 332 68
i0
280 915 922
i1
100 68 332
i2
100 332 68
i0
280 915 922
i1
100 67 333
i2
100 333 67
i0
280 914 922
i1
100 67 333
i2
100 333 67
i0
279 914 921
i1
100 67 333
i2
100 333 67
i0
279 914 921
i1
100 67 333
i2
100 333 67
i0
279 913 920
i1
100 67 333
i2
100 333 67
i0
279 913 920
i1
100 67 333
i2
100 333 67
i0
279 913 920
i1
100 66 334
i2
100 334 66
i0
279 912 919
i1
100 66 334
i2
100 334 66
i0
279 912 919
i1
100 66 334
i2
100 334 66
i0
279 912 918
i1
100 66 334
i2
100 334 66
i0
279 911 918
i1
100 66 334
i2
100 334 66
i0
279 911 918
i1
100 66 334
i2
100 334 66
i0
278 910 917
i1
100 66 334
i2
100 334 66
i0
278 910 917
i1
100 65 335
i2
100 335 65
i0
278 910 917
i1
100 65 335
i2
100 335 65
i0
278 909 916
i1
100 65 335
i2
100 335 65
i0
278 909 916
i1
100 65 335
i2
100 335 65
i0
278 909 915
i1
100 65 335
i2
100 335 65
i0
278 908 915
i1
100 65 335
i2
100 335 65
i0
278 908 915
i1
100 65 335
i2
100 335 65
i0
278 907 914
i1
100 64 336
i2
100 336 64
i0
278 907 914
i1
100 64 336
i2
100 336 64
i0
278 907 913
i1
100 64 336
i2
100 336 64
i0
277 906 913
i1
100 64 336
i2
100 336 64
i0
277 906 913
i1
100 64 336
i2
100 336 64
i0
277 906 912
i1
100 64 336
i2
100 336 64
i0
277 905 912
i1
100 64 336
i2
100 336 64
i0
277 905 911
i1
100 64 336
i2
100 336 64
i0
277 904 911
i1
100 64 336
i2
100 336 64
i0
277 904 911
i1
100 63 337
i2
100 337 63
i0
277 904 910
i1
100 63 337
i2
100 337 63
i0
277 903 910
i1
100 63 337
i2
100 337 63
i0
277 903 909
i1
100 63 337
i2
100 337 63
i0
276 903 909
i1
100 63 337
i2
100 337 63
i0
276 902 908
i1
100 63 337
i2
100 337 63
i0
276 902 908
i1
100 63 337
i2
100 337 63
i0
276 901 908
i1
100 63 337
i2
100 337 63
i0
276 901 907
i1
100 63 337
i2
100 337 63
i0
276 901 907
i1
100 63 337
i2
100 337 63
i0
276 900 906
i1
100 63 337
i2
100 337 63
i0
276 900 906
i1
100 63 337
i2
100 337 63
i0
276 899 906
i1
100 62 338
i2
100 338 62
i0
276 899 905
i1
100 62 338
i2
100 338 62
i0
275 899 905
i1
100 62 338
i2
100 338 62
i0
275 898 904
i1
100 62 338
i2
100 338 62
i0
275 898 904
i1
100 62 338
i2
100 338 62
i0
275 897 903
i1
100 62 338
i2
100 338 62
i0
275 897 903
i1
100 62 338
i2
100 338 62
i0
275 897 903
i1
100 62 338
i2
100 338 62
i0
275 896 902
i1
100 62 338
i2
100 338 62
i0
275 896 902
i1
100 62 338
i2
100 338 62
i0
275 895 901
i1
100 62 338
i2
100 338 62
i0
274 895 901
i1
100 62 338
i2
100 338 62
i0
274 895 900
i1
100 62 338
i2
100 338 62
i0
274 894 900
i1
100 62 338
i2
100 338 62
i0
274 894 900
i1
100 62 338
i2
100 338 62
i0
274 893 899
i1
100 62 338
i2
100 338 62
i0
274 893 899
i1
100 62 338
i2
100 338 62
i0
274 893 898
i1
100 62 338
i2
100 338 62
i0
274 892 898
i1
100 62 338
i2
100 338 62
i0
274 892 897
i1
100 62 338
i2
100 338 62
i0
274 891 897
i1
100 62 338
i2
100 338 62
i0
273 891 896
i1
100 62 338
i2
100 338 62
i0
273 891 896
i1
100 62 338
i2
100 338 62
i0
273 890 896
i1
100 61 339
i2
100 339 61
i0
273 890 895
i1
100 61 339
i2
100 339 61
i0
273 889 895
i1
100 61 339
i2
100 339 61
i0
273 889 894
i1
100 61 339
i2
100 339 61
i0
273 889 894
i1
100 61 339
i2
100 339 61
i0
273 888 893
i1
100 61 339
i2
100 339 61
i0
273 888 893
i1
100 61 339
i2
100 339 61
i0
272 887 892
i1
100 61 339
i2
100 339 61
i0
272 887 892
i1
100 61 339
i2
100 339 61
i0
272 887 891
i1
100 61 339
i2
100 339 61
i0
272 886 891
i1
100 61 339
i2
100 339 61
i0
272 886 891
i1
100 61 339
i2
100 339 61
i0
272 885 890
i1
100 61 339
i2
100 339 61
i0
272 885 890
i1
100 62 338
i2
100 338 62
i0
272 884 889
i1
100 62 338
i2
100 338 62
i0
272 884 889
i1
100 62 338
i2
100 338 62
i0
271 884 888
i1
100 62 338
i2
100 338 62
i0
271 883 888
i1
100 62 338
i2
100 338 62
i0
271 883 887
i1
100 62 338
i2
100 338 62
i0
271 882 887
i1
100 62 338
i2
100 338 62
i0
271 882 886
i1
100 62 338
i2
100 338 62
i0
271 882 886
i1
100 62 338
i2
100 338 62
i0
271 881 885
i1
100 62 338
i2
100 338 62
i0
271 881 885
i1
100 62 338
i2
100 338 62
i0
271 880 885
i1
100 62 338
i2
100 338 62
i0
270 880 884
i1
100 62 338
i2
100 338 62
i0
270 879 884
i1
100 62 338
i2
100 338 62
i0
270 879 883
i1
100 62 338
i2
100 338 62
i0
270 879 883
i1
100 62 338
i2
100 338 62
i0
270 878 882
i1
100 62 338
i2
100 338 62
i0
270 878 882
i1
100 62 338
i2
100 338 62
i0
270 877 881
i1
100 62 338
i2
100 338 62
i0
270 877 881
i1
100 62 338
i2
100 338 62
i0
270 876 880
i1
100 62 338
i2
100 338 62
i0
269 876 880
i1
100 62 338
i2
100 338 62
i0
269 876 879
i1
100 62 338
i2
100 338 62
i0
269 875 879
i1
100 63 337
i2
100 337 63
i0
269 875 878
i1
100 63 337
i2
100 337 63
i0
269 874 878
i1
100 63 337
i2
100 337 63
i0
269 874 877
i1
100 63 337
i2
100 337 63
i0
269 873 877
i1
100 63 337
i2
100 337 63
i0
269 873 876
i1
100 63 337
i2
100 337 63
i0
269 872 876
i1
100 63 337
i2
100 337 63
i0
268 872 875
i1
100 63 337
i2
100 337 63
i0
268 872 875
i1
100 63 337
i2
100 337 63
i0
268 871 874
i1
100 63 337
i2
100 337 63
i0
268 871 874
i1
100 63 337
i2
100 337 63
i0
268 870 873
i1
100 63 337
i2
100 337 63
i0
268 870 873
i1
100 64 336
i2
100 336 64
i0
268 869 872
i1
100 64 336
i2
100 336 64
i0
268 869 872
i1
100 64 336
i2
100 336 64
i0
267 869 871
i1
100 64 336
i2
100 336 64
i0
267 868 871
i1
100 64 336
i2
100 336 64
i0
267 868 870
i1
100 64 336
i2
100 336 64
i0
267 867 870
i1
100 64 336
i2
100 336 64
i0
267 867 869
i1
100 64 336
i2
100 336 64
i0
267 866 869
i1
100 64 336
i2
100 336 64
i0
267 866 868
i1
100 65 335
i2
100 335 65
i0
267 865 868
i1
100 65 335
i2
100 335 65
i0
267 865 867
i1
100 65 335
i2
100 335 65
i0
266 864 867
i1
100 65 335
i2
100 335 65
i0
266 864 866
i1
100 65 335
i2
100 335 65
i0
266 864 866
i1
100 65 335
i2
100 335 65
i0
266 863 865
i1
100 65 335
i2
100 335 65
i0
266 863 865
i1
100 66 334
i2
100 334 66
i0
266 862 864
i1
100 66 334
i2
100 334 66
i0
266 862 864
i1
100 66 334
i2
100 334 66
i0
266 861 863
i1
100 66 334
i2
100 334 66
i0
265 861 863
i1
100 66 334
i2
100 334 66
i0
265 860 862
i1
100 66 334
i2
100 334 66
i0
265 860 862
i1
100 66 334
i2
100 334 66
i0
265 859 861
i1
100 67 333
i2
100 333 67
i0
265 859 861
i1
100 67 333
i2
100 333 67
i0
265 859 860
i1
100 67 333
i2
100 333 67
i0
265 858 860
i1
100 67 333
i2
100 333 67
i0
265 858 859
i1
100 67 333
i2
100 333 67
i0
264 857 858
i1
100 67 333
i2
100 333 67
i0
264 857 858
i1
100 68 332
i2
100 332 68
i0
264 856 857
i1
100 68 332
i2
100 332 68
i0
264 856 857
i1
100 68 332
i2
100 332 68
i0
264 855 856
i1
100 68 332
i2
100 332 68
i0
264 855 856
i1
100 68 332
i2
100 332 68
i0
264 854 855
i1
100 68 332
i2
100 332 68
i0
264 854 855
i1
100 69 331
i2
100 331 69
i0
263 853 854
i1
100 69 331
i2
100 331 69
i0
263 853 854
i1
100 69 331
i2
100 331 69
i0
263 852 853
i1
100 69 331
i2
100 331 69
i0
263 852 853
i1
100 69 331
i2
100 331 69
i0
263 852 852
i1
100 70 330
i2
100 330 70
i0
263 851 851
i1
100 70 330
i2
100 330 70
i0
263 851 851
i1
100 70 330
i2
100 330 70
i0
263 850 850
i1
100 70 330
i2
100 330 70
i0
262 850 850
i1
100 70 330
i2
100 330 70
i0
262 849 849
i1
100 71 329
i2
100 329 71
i0
262 849 849
i1
100 71 329
i2
100 329 71
i0
262 848 848
i1
100 71 329
i2
100 329 71
i0
262 848 848
i1
100 71 329
i2
100 329 71
i0
262 847 847
i1
100 72 328
i2
100 328 72
i0
262 847 847
i1
100 72 328
i2
100 328 72
i0
262 846 846
i1
100 72 328
i2
100 328 72
i0
261 846 845
i1
100 72 328
i2
100 328 72
i0
261 845 845
i1
100 72 328
i2
100 328 72
i0
261 845 844
i1
100 73 327
i2
100 327 73
i0
261 844 844
i1
100 73 327
i2
100 327 73
i0
261 844 843
i1
100 73 327
i2
100 327 73
i0
261 843 843
i1
100 73 327
i2
100 327 73
i0
261 843 842
i1
100 74 326
i2
100 326 74
i0
260 842 841
i1
100 74 326
i2
100 326 74
i0
260 842 841
i1
100 74 326
i2
100 326 74
i0
260 841 840
i1
100 74 326
i2
100 326 74
i0
260 841 840
i1
100 75 325
i2
100 325 75
i0
260 840 839
i1
100 75 325
i2
100 325 75
i0
260 840 839
i1
100 75 325
i2
100 325 75
i0
260 840 838
i1
100 75 325
i2
100 325 75
i0
260 839 837
i1
100 76 324
i2
100 324 76
i0
259 839 837
i1
100 76 324
i2
100 324 76
i0
259 838 836
i1
100 76 324
i2
100 324 76
i0
259 838 836
i1
100 77 323
i2
100 323 77
i0
259 837 835
i1
100 77 323
i2
100 323 77
i0
259 837 835
i1
100 77 323
i2
100 323 77
i0
259 836 834
i1
100 77 323
i2
100 323 77
i0
259 836 833
i1
100 78 322
i2
100 322 78
i0
258 835 833
i1
100 78 322
i2
100 322 78
i0
258 835 832
i1
100 78 322
i2
100 322 78
i0
258 834 832
i1
100 79 321
i2
100 321 79
i0
258 834 831
i1
100 79 321
i2
100 321 79
i0
258 833 831
i1
100 79 321
i2
100 321 79
i0
258 833 830
i1
100 79 321
i2
100 321 79
i0
258 832 829
i1
100 80 320
i2
100 320 80
i0
258 832 829
i1
100 80 320
i2
100 320 80
i0
257 831 828
i1
100 80 320
i2
100 320 80
i0
257 831 828
i1
100 81 319
i2
100 319 81
i0
257 830 827
i1
100 81 319
i2
100 319 81
i0
257 830 826
i1
100 81 319
i2
100 319 81
i0
257 829 826
i1
100 82 318
i2
100 318 82
i0
257 828 825
i1
100 82 318
i2
100 318 82
i0
257 828 825
i1
100 82 318
i2
100 318 82
i0
256 827 824
i1
100 83 317
i2
100 317 83
i0
256 827 823
i1
100 83 317
i2
100 317 83
i0
256 826 823
i1
100 83 317
i2
100 317 83
i0
256 826 822
i1
100 84 316
i2
100 316 84
i0
256 825 822
i1
100 84 316
i2
100 316 84
i0
256 825 821
i1
100 84 316
i2
100 316 84
i0
256 824 820
i1
100 85 315
i2
100 315 85
i0
255 824 820
i1
100 85 315
i2
100 315 85
i0
255 823 819
i1
100 85 315
i2
100 315 85
i0
255 823 819
i1
100 86 314
i2
100 314 86
i0
255 822 818
i1
100 86 314
i2
100 314 86
i0
255 822 817
i1
100 86 314
i2
100 314 86
i0
255 821 817
i1
100 87 313
i2
100 313 87
i0
255 821 816
i1
100 87 313
i2
100 313 87
i0
254 820 815
i1
100 88 312
i2
100 312 88
i0
254 820 815
i1
100 88 312
i2
100 312 88
i0
254 819 814
i1
100 88 312
i2
100 312 88
i0
254 819 814
i1
100 89 311
i2
100 311 89
i0
254 818 813
i1
100 89 311
i2
100 311 89
i0
254 818 812
i1
100 90 310
i2
100 310 90
i0
254 817 812
i1
100 90 310
i2
100 310 90
i0
253 817 811
i1
100 90 310
i2
100 310 90
i0
253 816 810
i1
100 91 309
i2
100 309 91
i0
253 816 810
i1
100 91 309
i2
100 309 91
i0
253 815 809
i1
100 91 309
i2
100 309 91
i0
253 814 809
i1
100 92 308
i2
100 308 92
i0
253 814 808
i1
100 92 308
i2
100 308 92
i0
253 813 807
i1
100 93 307
i2
100 307 93
i0
252 813 807
i1
100 93 307
i2
100 307 93
i0
252 812 806
i1
100 94 306
i2
100 306 94
i0
252 812 805
i1
100 94 306
i2
100 306 94
i0
252 811 805
i1
100 94 306
i2
100 306 94
i0
252 811 804
i1
100 95 305
i2
100 305 95
i0
252 810 803
i1
100 95 305
i2
100 305 95
i0
252 810 803
i1
100 96 304
i2
100 304 96
i0
251 809 802
i1
100 96 304
i2
100 304 96
i0
251 809 802
i1
100 97 303
i2
100 303 97
i0
251 808 801
i1
100 97 303
i2
100 303 97
i0
251 807 800
i1
100 97 303
i2
100 303 97
i0
251 807 800
i1
100 98 302
i2
100 302 98
i0
251 806 799
i1
100 98 302
i2
100 302 98
i0
251 806 798
i1
100 99 301
i2
100 301 99
i0
250 805 798
i1
100 99 301
i2
100 301 99
i0
250 805 797
i1
100 100 300
i2
100 300 100
i0
250 804 796
i1
100 100 300
i2
100 300 100
i0
250 804 796
i1
100 101 299
i2
100 299 101
i0
250 803 795
i1
100 101 299
i2
100 299 101
i0
250 803 794
i1
100 102 298
i2
100 298 102
i0
249 802 794
i1
100 102 298
i2
100 298 102
i0
249 801 793
i1
100 103 297
i2
100 297 103
i0
249 801 792
i1
100 103 297
i2
100 297 103
i0
249 800 792
i1
100 104 296
i2
100 296 104
i0
249 800 791
i1
100 104 296
i2
100 296 104
i0
249 799 790
i1
100 105 295
i2
100 295 105
i0
249 799 790
i1
100 105 295
i2
100 295 105
i0
248 798 789
i1
100 106 294
i2
100 294 106
i0
248 798 788
i1
100 106 294
i2
100 294 106
i0
248 797 788
i1
100 107 293
i2
100 293 107
i0
248 796 787
i1
100 107 293
i2
100 293 107
i0
248 796 786
i1
100 108 292
i2
100 292 108
i0
248 795 786
i1
100 108 292
i2
100 292 108
i0
247 795 785
i1
100 109 291
i2
100 291 109
i0
247 794 784
i1
100 109 291
i2
100 291 109
i0
247 794 784
i1
100 110 290
i2
100 290 110
i0
247 793 783
i1
100 110 290
i2
100 290 110
i0
247 792 782
i1
100 111 289
i2
100 289 111
i0
247 792 782
i1
100 111 289
i2
100 289 111
i0
247 791 781
i1
100 112 288
i2
100 288 112
i0
246 791 780
i1
100 112 288
i2
100 288 112
i0
246 790 780
i1
100 113 287
i2
100 287 113
i0
246 790 779
i1
100 114 286
i2
100 286 114
i0
246 789 778
i1
100 114 286
i2
100 286 114
i0
246 788 778
i1
100 115 285
i2
100 285 115
i0
246 788 777
i1
100 115 285
i2
100 285 115
i0
245 787 776
i1
100 116 284
i2
100 284 116
i0
245 787 775
i1
100 116 284
i2
100 284 116
i0
245 786 775
i1
100 117 283
i2
100 283 117
i0
245 786 774
i1
100 118 282
i2
100 282 118
i0
245 785 773
i1
100 118 282
i2
100 282 118
i0
245 784 773
i1
100 119 281
i2
100 281 119
i0
244 784 772
i1
100 119 281
i2
100 281 119
i0
244 783 771
i1
100 120 280
i2
100 280 120
i0
244 783 771
i1
100 121 279
i2
100 279 121
i0
244 782 770
i1
100 121 279
i2
100 279 121
i0
244 782 769
i1
100 122 278
i2
100 278 122
i0
244 781 768
i1
100 122 278
i2
100 278 122
i0
244 780 768
i1
100 123 277
i2
100 277 123
i0
243 780 767
i1
100 124 276
i2
100 276 124
i0
243 779 766
i1
100 124 276
i2
100 276 124
i0
243 779 766
i1
100 125 275
i2
100 275 125
i0
243 778 765
i1
100 126 274
i2
100 274 126
i0
243 777 764
i1
100 126 274
i2
100 274 126
i0
243 777 764
i1
100 127 273
i2
100 273 127
i0
242 776 763
i1
100 128 272
i2
100 272 128
i0
242 776 762
i1
100 128 272
i2
100 272 128
i0
242 775 761
i1
100 129 271
i2
100 271 129
i0
242 774 761
i1
100 130 270
i2
100 270 130
i0
242 774 760
i1
100 130 270
i2
100 270 130
i0
242 773 759
i1
100 131 269
i2
100 269 131
i0
241 773 759
i1
100 132 268
i2
100 268 132
i0
241 772 758
i1
100 132 268
i2
100 268 132
i0
241 771 757
i1
100 133 267
i2
100 267 133
i0
241 771 756
i1
100 134 266
i2
100 266 134
i0
241 770 756
i1
100 134 266
i2
100 266 134
i0
241 770 755
i1
100 135 265
i2
100 265 135
i0
240 769 754
i1
100 136 264
i2
100 264 136
i0
240 768 753
i1
100 136 264
i2
100 264 136
i0
240 768 753
i1
100 137 263
i2
100 263 137
i0
240 767 752
i1
100 138 262
i2
100 262 138
i0
240 767 751
i1
100 139 261
i2
100 261 139
i0
240 766 750
i1
100 139 261
i2
100 261 139
i0
239 765 750
i1
100 140 260
i2
100 260 140
i0
239 765 749
i1
100 141 259
i2
100 259 141
i0
239 764 748
i1
100 142 258
i2
100 258 142
i0
239 764 748
i1
100 142 258
i2
100 258 142
i0
239 763 747
i1
100 143 257
i2
100 257 143
i0
239 762 746
i1
100 144 256
i2
100 256 144
i0
238 762 745
i1
100 145 255
i2
100 255 145
i0
238 761 745
i1
100 146 254
i2
100 254 146
i0
238 760 744
i1
100 146 254
i2
100 254 146
i0
238 760 743
i1
100 147 253
i2
100 253 147
i0
238 759 742
i1
100 148 252
i2
100 252 148
i0
238 759 742
i1
100 149 251
i2
100 251 149
i0
237 758 741
i1
100 150 250
i2
100 250 150
i0
237 757 740
i1
100 150 250
i2
100 250 150
i0
237 757 739
i1
100 151 249
i2
100 249 151
i0
237 756 739
i1
100 152 248
i2
100 248 152
i0
237 755 738
i1
100 153 247
i2
100 247 153
i0
236 755 737
i1
100 154 246
i2
100 246 154
i0
236 754 736
i1
100 155 245
i2
100 245 155
i0
236 754 736
i1
100 155 245
i2
100 245 155
i0
236 753 735
i1
100 156 244
i2
100 244 156
i0
236 752 734
i1
100 157 243
i2
100 243 157
i0
236 752 733
i1
100 158 242
i2
100 242 158
i0
235 751 732
i1
100 159 241
i2
100 241 159
i0
235 750 732
i1
100 160 240
i2
100 240 160
i0
235 750 731
i1
100 161 239
i2
100 239 161
i0
235 749 730
i1
100 162 238
i2
100 238 162
i0
235 748 729
i1
100 163 237
i2
100 237 163
i0
235 748 729
i1
100 164 236
i2
100 236 164
i0
234 747 728
i1
100 165 235
i2
100 235 165
i0
234 747 727
i1
100 166 234
i2
100 234 166
i0
234 746 726
i1
100 166 234
i2
100 234 166
i0
234 745 725
i1
100 167 233
i2
100 233 167
i0
234 745 725
i1
100 168 232
i2
100 232 168
i0
233 744 724
i1
100 169 231
i2
100 231 169
i0
233 743 723
i1
100 170 230
i2
100 230 170
i0
233 743 722
i1
100 171 229
i2
100 229 171
i0
233 742 722
i1
100 173 227
i2
100 227 173
i0
233 741 721
i1
100 174 226
i2
100 226 174
i0
233 741 720
i1
100 175 225
i2
100 225 175
i0
232 740 719
i1
100 176 224
i2
100 224 176
i0
232 739 718
i1
100 177 223
i2
100 223 177
i0
232 739 718
i1
100 178 222
i2
100 222 178
i0
232 738 717
i1
100 179 221
i2
100 221 179
i0
232 737 716
i1
100 180 220
i2
100 220 180
i0
232 737 715
i1
100 181 219
i2
100 219 181
i0
231 736 714
i1
100 182 218
i2
100 218 182
i0
231 735 714
i1
100 184 216
i2
100 216 184
i0
231 735 713
i1
100 185 215
i2
100 215 185
i0
231 734 712
i1
100 186 214
i2
100 214 186
i0
231 733 711
i1
100 187 213
i2
100 213 187
i0
230 733 710
i1
100 189 211
i2
100 211 189
i0
230 732 710
i1
100 190 210
i2
100 210 190
i0
230 731 709
i1
100 191 209
i2
100 209 191
i0
230 731 708
i1
100 193 207
i2
100 207 193
i0
230 730 707
i1
100 194 206
i2
100 206 194
i0
229 729 706
i1
100 195 205
i2
100 205 195
i0
229 729 706
i1
100 197 203
i2
100 203 197
i0
229 728 705
i1
100 199 201
i2
100 201 199
i0
229 727 704
i1
100 201 199
i2
100 199 201
i0
229 727 703
i1
100 202 198
i2
100 198 202
i0
229 726 702
i1
100 203 197
i2
100 197 203
i0
228 725 702
i1
100 204 196
i2
100 196 204
i0
228 725 701
i1
100 205 195
i2
100 195 205
i0
228 724 700
i1
100 206 194
i2
100 194 206
i0
228 723 699
i1
100 207 193
i2
100 193 207
i0
228 723 698
i1
100 208 192
i2
100 192 208
i0
227 722 698
i1
100 209 191
i2
100 191 209
i0
227 721 697
i1
100 210 190
i2
100 190 210
i0
227 720 696
i1
100 211 189
i2
100 189 211
i0
227 720 695
i1
100 211 189
i2
100 189 211
i0
227 719 694
i1
100 212 188
i2
100 188 212
i0
226 718 693
i1
100 213 187
i2
100 187 213
i0
226 718 693
i1
100 213 187
i2
100 187 213
i0
226 717 692
i1
100 214 186
i2
100 186 214
i0
226 716 691
i1
100 215 185
i2
100 185 215
i0
226 716 690
i1
100 215 185
i2
100 185 215
i0
226 715 689
i1
100 216 184
i2
100 184 216
i0
225 714 688
i1
100 216 184
i2
100 184 216
i0
225 713 688
i1
100 217 183
i2
100 183 217
i0
225 713 687
i1
100 217 183
i2
100 183 217
i0
225 712 686
i1
100 218 182
i2
100 182 218
i0
225 711 685
i1
100 218 182
i2
100 182 218
i0
224 711 684
i1
100 219 181
i2
100 181 219
i0
224 710 683
i1
100 219 181
i2
100 181 219
i0
224 709 683
i1
100 220 180
i2
100 180 220
i0
224 708 682
i1
100 220 180
i2
100 180 220
i0
224 708 681
i1
100 220 180
i2
100 180 220
i0
223 707 680
i1
100 221 179
i2
100 179 221
i0
223 706 679
i1
100 221 179
i2
100 179 221
i0
223 706 678
i1
100 221 179
i2
100 179 221
i0
223 705 677
i1
100 222 178
i2
100 178 222
i0
223 704 677
i1
100 222 178
i2
100 178 222
i0
222 703 676
i1
100 222 178
i2
100 178 222
i0
222 703 675
i1
100 223 177
i2
100 177 223
i0
222 702 674
i1
100 223 177
i2
100 177 223
i0
222 701 673
i1
100 223 177
i2
100 177 223
i0
222 701 672
i1
100 223 177
i2
100 177 223
i0
221 700 671
i1
100 223 177
i2
100 177 223
i0
221 699 671
i1
100 224 176
i2
100 176 224
i0
221 698 670
i1
100 224 176
i2
100 176 224
i0
221 698 669
i1
100 224 176
i2
100 176 224
i0
221 697 668
i1
100 224 176
i2
100 176 224
i0
220 696 667
i1
100 224 176
i2
100 176 224
i0
220 695 666
i1
100 224 176
i2
100 176 224
i0
220 695 665
i1
100 225 175
i2
100 175 225
i0
220 694 665
i1
100 225 175
i2
100 175 225
i0
220 693 664
i1
100 225 175
i2
100 175 225
i0
219 692 663
i1
100 225 175
i2
100 175 225
i0
219 692 662
i1
100 225 175
i2
100 175 225
i0
219 691 661
i1
100 225 175
i2
100 175 225
i0
219 690 660
i1
100 225 175
i2
100 175 225
i0
219 689 659
i1
100 225 175
i2
100 175 225
i0
218 689 658
i1
100 225 175
i2
100 175 225
i0
218 688 658
i1
100 225 175
i2
100 175 225
i0
218 687 657
i1
100 225 175
i2
100 175 225
i0
218 686 656
i1
100 225 175
i2
100 175 225
i0
218 686 655
i1
100 225 175
i2
100 175 225
i0
217 685 654
i1
100 225 175
i2
100 175 225
i0
217 684 653
i1
100 225 175
i2
100 175 225
i0
217 683 652
i1
100 225 175
i2
100 175 225
i0
217 683 651
i1
100 224 176
i2
100 176 224
i0
217 682 651
i1
100 224 176
i2
100 176 224
i0
216 681 650
i1
100 224 176
i2
100 176 224
i0
216 680 649
i1
100 224 176
i2
100 176 224
i0
216 679 648
i1
100 224 176
i2
100 176 224
i0
216 679 647
i1
100 224 176
i2
100 176 224
i0
215 678 646
i1
100 224 176
i2
100 176 224
i0
215 677 645
i1
100 223 177
i2
100 177 223
i0
215 676 644
i1
100 223 177
i2
100 177 223
i0
215 676 643
i1
100 223 177
i2
100 177 223
i0
215 675 642
i1
100 223 177
i2
100 177 223
i0
214 674 642
i1
100 222 178
i2
100 178 222
i0
214 673 641
i1
100 222 178
i2
100 178 222
i0
214 672 640
i1
100 222 178
i2
100 178 222
i0
214 672 639
i1
100 222 178
i2
100 178 222
i0
214 671 638
i1
100 221 179
i2
100 179 221
i0
213 670 637
i1
100 221 179
i2
100 179 221
i0
213 669 636
i1
100 221 179
i2
100 179 221
i0
213 668 635
i1
100 220 180
i2
100 180 220
i0
213 668 634
i1
100 220 180
i2
100 180 220
i0
213 667 633
i1
100 219 181
i2
100 181 219
i0
212 666 632
i1
100 219 181
i2
100 181 219
i0
212 665 632
i1
100 219 181
i2
100 181 219
i0
212 664 631
i1
100 218 182
i2
100 182 218
i0
212 664 630
i1
100 218 182
i2
100 182 218
i0
211 663 629
i1
100 217 183
i2
100 183 217
i0
211 662 628
i1
100 217 183
i2
100 183 217
i0
211 661 627
i1
100 216 184
i2
100 184 216
i0
211 660 626
i1
100 216 184
i2
100 184 216
i0
211 660 625
i1
100 215 185
i2
100 185 215
i0
210 659 624
i1
100 214 186
i2
100 186 214
i0
210 658 623
i1
100 214 186
i2
100 186 214
i0
210 657 622
i1
100 213 187
i2
100 187 213
i0
210 656 621
i1
100 212 188
i2
100 188 212
i0
210 656 620
i1
100 212 188
i2
100 188 212
i0
209 655 620
i1
100 211 189
i2
100 189 211
i0
209 654 619
i1
100 210 190
i2
100 190 210
i0
209 653 618
i1
100 209 191
i2
100 191 209
i0
209 652 617
i1
100 209 191
i2
100 191 209
i0
208 651 616
i1
100 208 192
i2
100 192 208
i0
208 651 615
i1
100 207 193
i2
100 193 207
i0
208 650 614
i1
100 206 194
i2
100 194 206
i0
208 649 613
i1
100 205 195
i2
100 195 205
i0
208 648 612
i1
100 204 196
i2
100 196 204
i0
207 647 611
i1
100 203 197
i2
100 197 203
i0
207 646 610
i1
100 201 199
i2
100 199 201
i0
207 646 609
i1
100 200 200
i2
100 200 200
i0
207 645 608
i1
100 202 198
i2
100 198 202
i0
206 644 607
i1
100 204 196
i2
100 196 204
i0
206 643 606
i1
100 206 194
i2
100 194 206
i0
206 642 605
i1
100 208 192
i2
100 192 208
i0
206 641 604
i1
100 210 190
i2
100 190 210
i0
206 641 603
i1
100 211 189
i2
100 189 211
i0
205 640 603
i1
100 213 187
i2
100 187 213
i0
205 639 602
i1
100 215 185
i2
100 185 215
i0
205 638 601
i1
100 216 184
i2
100 184 216
i0
205 637 600
i1
100 218 182
i2
100 182 218
i0
204 636 599
i1
100 220 180
i2
100 180 220
i0
204 635 598
i1
100 221 179
i2
100 179 221
i0
204 635 597
i1
100 223 177
i2
100 177 223
i0
204 634 596
i1
100 225 175
i2
100 175 225
i0
203 633 595
i1
100 226 174
i2
100 174 226
i0
203 632 594
i1
100 228 172
i2
100 172 228
i0
203 631 593
i1
100 229 171
i2
100 171 229
i0
203 630 592
i1
100 231 169
i2
100 169 231
i0
203 629 591
i1
100 232 168
i2
100 168 232
i0
202 629 590
i1
100 234 166
i2
100 166 234
i0
202 628 589
i1
100 235 165
i2
100 165 235
i0
202 627 588
i1
100 237 163
i2
100 163 237
i0
202 626 587
i1
100 238 162
i2
100 162 238
i0
201 625 586
i1
100 240 160
i2
100 160 240
i0
201 624 585
i1
100 241 159
i2
100 159 241
i0
201 623 584
i1
100 243 157
i2
100 157 243
i0
201 622 583
i1
100 244 156
i2
100 156 244
i0
200 622 582
i1
100 246 154
i2
100 154 246
i0
200 621 581
i1
100 247 153
i2
100 153 247
i0
200 620 580
i1
100 249 151
i2
100 151 249
i0
200 619 579
i1
100 250 150
i2
100 150 250
i0
200 618 578
i1
100 251 149
i2
100 149 251
i0
199 617 577
i1
100 253 147
i2
100 147 253
i0
199 616 576
i1
100 254 146
i2
100 146 254
i0
199 615 575
i1
100 256 144
i2
100 144 256
i0
199 614 574
i1
100 257 143
i2
100 143 257
i0
198 613 573
i1
100 258 142
i2
100 142 258
i0
198 613 572
i1
100 260 140
i2
100 140 260
i0
198 612 571
i1
100 261 139
i2
100 139 261
i0
198 611 570
i1
100 263 137
i2
100 137 263
i0
197 610 569
i1
100 264 136
i2
100 136 264
i0
197 609 568
i1
100 265 135
i2
100 135 265
i0
197 608 567
i1
100 267 133
i2
100 133 267
i0
197 607 566
i1
100 268 132
i2
100 132 268
i0
196 606 565
i1
100 269 131
i2
100 131 269
i0
196 605 564
i1
100 271 129
i2
100 129 271
i0
196 604 563
i1
100 272 128
i2
100 128 272
i0
196 603 562
i1
100 273 127
i2
100 127 273
i0
195 603 561
i1
100 275 125
i2
100 125 275
i0
195 602 560
i1
100 276 124
i2
100 124 276
i0
195 601 559
i1
100 277 123
i2
100 123 277
i0
195 600 558
i1
100 279 121
i2
100 121 279
i0
194 599 557
i1
100 280 120
i2
100 120 280
i0
194 598 556
i1
100 281 119
i2
100 119 281
i0
194 597 555
i1
100 283 117
i2
100 117 283
i0
194 596 554
i1
100 284 116
i2
100 116 284
i0
193 595 553
i1
100 285 115
i2
100 115 285
i0
193 594 552
i1
100 287 113
i2
100 113 287
i0
193 593 551
i1
100 288 112
i2
100 112 288
i0
193 592 550
i1
100 289 111
i2
100 111 289
i0
193 591 549
i1
100 290 110
i2
100 110 290
i0
192 590 548
i1
100 292 108
i2
100 108 292
i0
192 589 547
i1
100 293 107
i2
100 107 293
i0
192 588 546
i1
100 294 106
i2
100 106 294
i0
192 587 545
i1
100 296 104
i2
100 104 296
i0
191 586 544
i1
100 297 103
i2
100 103 297
i0
191 586 543
i1
100 298 102
i2
100 102 298
i0
191 585 542
i1
100 299 101
i2
100 101 299
i0
191 584 541
i1
100 301 99
i2
100 99 301
i0
190 583 540
i1
100 302 98
i2
100 98 302
i0
190 582 539
i1
100 303 97
i2
100 97 303
i0
190 581 537
i1
100 304 96
i2
100 96 304
i0
190 580 536
i1
100 306 94
i2
100 94 306
i0
189 579 535
i1
100 307 93
i2
100 93 307
