i0
-0 -0 -0
i1
400 400 400
i2
-400 -400 -400
i0
-0 -0 -0
i1
400 400 400
i2
-400 -400 -400
i0
-0 -0 -0
i1
400 400 400
i2
-400 -400 -400
i0
-0 -0 -0
i1
400 400 400
i2
-400 -400 -400
i0
-0 -0 -0
i1
400 400 400
i2
-400 -400 -400
i0
-0 -0 -0
i1
400 400 400
i2
-400 -400 -400
i0
-0 -0 -0
i1
400 400 400
i2
-400 -400 -400
i0
-0 -0 -0
i1
400 400 400
i2
-400 -400 -400
i0
-0 -0 -0
i1
400 400 400
i2
-400 -400 -400
i0
-0 -0 -0
i1
400 400 400
i2
-400 -400 -400
i0
-0 -0 -0
i1
400 400 400
i2
-400 -400 -400
i0
-0 -0 -0
i1
400 400 400
i2
-400 -400 -400
i0
-0 -0 -0
i1
400 400 400
i2
-400 -400 -400
i0
-0 -0 -0
i1
400 400 400
i2
-400 -400 -400
i0
-0 -0 -0
i1
400 400 400
i2
-400 -400 -400
i0
-0 -0 -0
i1
400 400 400
i2
-400 -400 -400
i0
-0 -0 -0
i1
400 400 400
i2
-400 -400 -400
i0
-0 -0 -0
i1
400 400 400
i2
-400 -400 -400
i0
-0 -0 -0
i1
400 400 400
i2
-400 -400 -400
i0
-0 -0 -0
i1
400 400 400
i2
-400 -400 -400
i0
-0 -0 -0
i1
400 400 400
i2
-400 -400 -400
i0
-0 -0 -0
i1
400 400 400
i2
-400 -400 -400
i0
-0 -0 -0
i1
400 400 400
i2
-400 -400 -400
i0
-0 -0 -0
i1
400 400 400
i2
-400 -400 -400
i0
-0 -0 -0
i1
400 400 400
i2
-400 -400 -400
i0
-0 -0 -0
i1
400 400 400
i2
-400 -400 -400
i0
-0 -0 -0
i1
400 400 400
i2
-400 -400 -400
i0
-0 -0 -0
i1
400 400 400
i2
-400 -400 -400
i0
-0 -0 -0
i1
400 400 400
i2
-400 -400 -400
i0
-1 -1 -1
i1
400 400 400
i2
-400 -400 -400
i0
-1 -1 -1
i1
400 400 400
i2
-400 -400 -400
i0
-1 -1 -1
i1
400 400 400
i2
-400 -400 -400
i0
-1 -1 -1
i1
400 400 400
i2
-400 -400 -400
i0
-1 -1 -1
i1
400 400 400
i2
-400 -400 -400
i0
-1 -1 -1
i1
400 400 400
i2
-400 -400 -400
i0
-1 -1 -1
i1
400 400 400
i2
-400 -400 -400
i0
-1 -1 -1
i1
400 400 400
i2
-400 -400 -400
i0
-1 -1 -1
i1
400 400 400
i2
-400 -400 -400
i0
-1 -1 -1
i1
400 400 400
i2
-400 -400 -400
i0
-1 -1 -1
i1
400 400 400
i2
-400 -400 -400
i0
-1 -1 -1
i1
400 400 400
i2
-400 -400 -400
i0
-1 -1 -1
i1
399 399 399
i2
-399 -399 -399
i0
-1 -1 -1
i1
399 399 399
i2
-399 -399 -399
i0
-1 -1 -1
i1
399 399 399
i2
-399 -399 -399
i0
-1 -1 -1
i1
399 399 399
i2
-399 -399 -399
i0
-1 -1 -1
i1
399 399 399
i2
-399 -399 -399
i0
-1 -1 -1
i1
399 399 399
i2
-399 -399 -399
i0
-1 -1 -1
i1
399 399 399
i2
-399 -399 -399
i0
-1 -1 -1
i1
399 399 399
i2
-399 -399 -399
i0
-1 -1 -1
i1
399 399 399
i2
-399 -399 -399
i0
-1 -1 -1
i1
399 399 399
i2
-399 -399 -399
i0
-2 -2 -2
i1
399 399 399
i2
-399 -399 -399
i0
-2 -2 -2
i1
399 399 399
i2
-399 -399 -399
i0
-2 -2 -2
i1
399 399 399
i2
-399 -399 -399
i0
-2 -2 -2
i1
399 399 399
i2
-399 -399 -399
i0
-2 -2 -2
i1
399 399 399
i2
-399 -399 -399
i0
-2 -2 -2
i1
399 399 399
i2
-399 -399 -399
i0
-2 -2 -2
i1
399 399 399
i2
-399 -399 -399
i0
-2 -2 -2
i1
399 399 399
i2
-399 -399 -399
i0
-2 -2 -2
i1
399 399 399
i2
-399 -399 -399
i0
-2 -2 -2
i1
399 399 399
i2
-399 -399 -399
i0
-2 -2 -2
i1
399 399 399
i2
-399 -399 -399
i0
-2 -2 -2
i1
399 399 399
i2
-399 -399 -399
i0
-2 -2 -2
i1
399 399 399
i2
-399 -399 -399
i0
-2 -2 -2
i1
399 399 399
i2
-399 -399 -399
i0
-2 -2 -2
i1
399 399 399
i2
-399 -399 -399
i0
-3 -3 -3
i1
399 399 399
i2
-399 -399 -399
i0
-3 -3 -3
i1
399 399 399
i2
-399 -399 -399
i0
-3 -3 -3
i1
399 399 399
i2
-399 -399 -399
i0
-3 -3 -3
i1
399 399 399
i2
-399 -399 -399
i0
-3 -3 -3
i1
399 399 399
i2
-399 -399 -399
i0
-3 -3 -3
i1
399 399 399
i2
-399 -399 -399
i0
-3 -3 -3
i1
398 398 398
i2
-398 -398 -398
i0
-3 -3 -3
i1
398 398 398
i2
-398 -398 -398
i0
-3 -3 -3
i1
398 398 398
i2
-398 -398 -398
i0
-3 -3 -3
i1
398 398 398
i2
-398 -398 -398
i0
-3 -3 -3
i1
398 398 398
i2
-398 -398 -398
i0
-3 -3 -3
i1
398 398 398
i2
-398 -398 -398
i0
-4 -4 -4
i1
398 398 398
i2
-398 -398 -398
i0
-4 -4 -4
i1
398 398 398
i2
-398 -398 -398
i0
-4 -4 -4
i1
398 398 398
i2
-398 -398 -398
i0
-4 -4 -4
i1
398 398 398
i2
-398 -398 -398
i0
-4 -4 -4
i1
398 398 398
i2
-398 -398 -398
i0
-4 -4 -4
i1
398 398 398
i2
-398 -398 -398
i0
-4 -4 -4
i1
398 398 398
i2
-398 -398 -398
i0
-4 -4 -4
i1
398 398 398
i2
-398 -398 -398
i0
-4 -4 -4
i1
398 398 398
i2
-398 -398 -398
i0
-4 -4 -4
i1
398 398 398
i2
-398 -398 -398
i0
-4 -4 -4
i1
398 398 398
i2
-398 -398 -398
i0
-5 -5 -5
i1
398 398 398
i2
-398 -398 -398
i0
-5 -5 -5
i1
398 398 398
i2
-398 -398 -398
i0
-5 -5 -5
i1
398 398 398
i2
-398 -398 -398
i0
-5 -5 -5
i1
398 398 398
i2
-398 -398 -398
i0
-5 -5 -5
i1
398 398 398
i2
-398 -398 -398
i0
-5 -5 -5
i1
397 397 397
i2
-397 -397 -397
i0
-5 -5 -5
i1
397 397 397
i2
-397 -397 -397
i0
-5 -5 -5
i1
397 397 397
i2
-397 -397 -397
i0
-5 -5 -5
i1
397 397 397
i2
-397 -397 -397
i0
-6 -6 -6
i1
397 397 397
i2
-397 -397 -397
i0
-6 -6 -6
i1
397 397 397
i2
-397 -397 -397
i0
-6 -6 -6
i1
397 397 397
i2
-397 -397 -397
i0
-6 -6 -6
i1
397 397 397
i2
-397 -397 -397
i0
-6 -6 -6
i1
397 397 397
i2
-397 -397 -397
i0
-6 -6 -6
i1
397 397 397
i2
-397 -397 -397
i0
-6 -6 -6
i1
397 397 397
i2
-397 -397 -397
i0
-6 -6 -6
i1
397 397 397
i2
-397 -397 -397
i0
-6 -6 -6
i1
397 397 397
i2
-397 -397 -397
i0
-7 -7 -7
i1
397 397 397
i2
-397 -397 -397
i0
-7 -7 -7
i1
397 397 397
i2
-397 -397 -397
i0
-7 -7 -7
i1
397 397 397
i2
-397 -397 -397
i0
-7 -7 -7
i1
397 397 397
i2
-397 -397 -397
i0
-7 -7 -7
i1
396 396 396
i2
-396 -396 -396
i0
-7 -7 -7
i1
396 396 396
i2
-396 -396 -396
i0
-7 -7 -7
i1
396 396 396
i2
-396 -396 -396
i0
-7 -7 -7
i1
396 396 396
i2
-396 -396 -396
i0
-8 -8 -8
i1
396 396 396
i2
-396 -396 -396
i0
-8 -8 -8
i1
396 396 396
i2
-396 -396 -396
i0
-8 -8 -8
i1
396 396 396
i2
-396 -396 -396
i0
-8 -8 -8
i1
396 396 396
i2
-396 -396 -396
i0
-8 -8 -8
i1
396 396 396
i2
-396 -396 -396
i0
-8 -8 -8
i1
396 396 396
i2
-396 -396 -396
i0
-8 -8 -8
i1
396 396 396
i2
-396 -396 -396
i0
-9 -9 -9
i1
396 396 396
i2
-396 -396 -396
i0
-9 -9 -9
i1
396 396 396
i2
-396 -396 -396
i0
-9 -9 -9
i1
396 396 396
i2
-396 -396 -396
i0
-9 -9 -9
i1
396 396 396
i2
-396 -396 -396
i0
-9 -9 -9
i1
395 395 395
i2
-395 -395 -395
i0
-9 -9 -9
i1
395 395 395
i2
-395 -395 -395
i0
-9 -9 -9
i1
395 395 395
i2
-395 -395 -395
i0
-10 -10 -10
i1
395 395 395
i2
-395 -395 -395
i0
-10 -10 -10
i1
395 395 395
i2
-395 -395 -395
i0
-10 -10 -10
i1
395 395 395
i2
-395 -395 -395
i0
-10 -10 -10
i1
395 395 395
i2
-395 -395 -395
i0
-10 -10 -10
i1
395 395 395
i2
-395 -395 -395
i0
-10 -10 -10
i1
395 395 395
i2
-395 -395 -395
i0
-10 -10 -10
i1
395 395 395
i2
-395 -395 -395
i0
-11 -11 -11
i1
395 395 395
i2
-395 -395 -395
i0
-11 -11 -11
i1
395 395 395
i2
-395 -395 -395
i0
-11 -11 -11
i1
395 395 395
i2
-395 -395 -395
i0
-11 -11 -11
i1
394 394 394
i2
-394 -394 -394
i0
-11 -11 -11
i1
394 394 394
i2
-394 -394 -394
i0
-11 -11 -11
i1
394 394 394
i2
-394 -394 -394
i0
-12 -12 -12
i1
394 394 394
i2
-394 -394 -394
i0
-12 -12 -12
i1
394 394 394
i2
-394 -394 -394
i0
-12 -12 -12
i1
394 394 394
i2
-394 -394 -394
i0
-12 -12 -12
i1
394 394 394
i2
-394 -394 -394
i0
-12 -12 -12
i1
394 394 394
i2
-394 -394 -394
i0
-12 -12 -12
i1
394 394 394
i2
-394 -394 -394
i0
-13 -13 -13
i1
394 394 394
i2
-394 -394 -394
i0
-13 -13 -13
i1
394 394 394
i2
-394 -394 -394
i0
-13 -13 -13
i1
394 394 394
i2
-394 -394 -394
i0
-13 -13 -13
i1
394 394 394
i2
-394 -394 -394
i0
-13 -13 -13
i1
393 393 393
i2
-393 -393 -393
i0
-13 -13 -13
i1
393 393 393
i2
-393 -393 -393
i0
-14 -14 -14
i1
393 393 393
i2
-393 -393 -393
i0
-14 -14 -14
i1
393 393 393
i2
-393 -393 -393
i0
-14 -14 -14
i1
393 393 393
i2
-393 -393 -393
i0
-14 -14 -14
i1
393 393 393
i2
-393 -393 -393
i0
-14 -14 -14
i1
393 393 393
i2
-393 -393 -393
i0
-14 -14 -14
i1
393 393 393
i2
-393 -393 -393
i0
-15 -15 -15
i1
393 393 393
i2
-393 -393 -393
i0
-15 -15 -15
i1
393 393 393
i2
-393 -393 -393
i0
-15 -15 -15
i1
393 393 393
i2
-393 -393 -393
i0
-15 -15 -15
i1
392 392 392
i2
-392 -392 -392
i0
-15 -15 -15
i1
392 392 392
i2
-392 -392 -392
i0
-16 -16 -16
i1
392 392 392
i2
-392 -392 -392
i0
-16 -16 -16
i1
392 392 392
i2
-392 -392 -392
i0
-16 -16 -16
i1
392 392 392
i2
-392 -392 -392
i0
-16 -16 -16
i1
392 392 392
i2
-392 -392 -392
i0
-16 -16 -16
i1
392 392 392
i2
-392 -392 -392
i0
-17 -17 -17
i1
392 392 392
i2
-392 -392 -392
i0
-17 -17 -17
i1
392 392 392
i2
-392 -392 -392
i0
-17 -17 -17
i1
392 392 392
i2
-392 -392 -392
i0
-17 -17 -17
i1
392 392 392
i2
-392 -392 -392
i0
-17 -17 -17
i1
391 391 391
i2
-391 -391 -391
i0
-18 -18 -18
i1
391 391 391
i2
-391 -391 -391
i0
-18 -18 -18
i1
391 391 391
i2
-391 -391 -391
i0
-18 -18 -18
i1
391 391 391
i2
-391 -391 -391
i0
-18 -18 -18
i1
391 391 391
i2
-391 -391 -391
i0
-18 -18 -18
i1
391 391 391
i2
-391 -391 -391
i0
-19 -19 -19
i1
391 391 391
i2
-391 -391 -391
i0
-19 -19 -19
i1
391 391 391
i2
-391 -391 -391
i0
-19 -19 -19
i1
391 391 391
i2
-391 -391 -391
i0
-19 -19 -19
i1
390 390 390
i2
-390 -390 -390
i0
-19 -19 -19
i1
390 390 390
i2
-390 -390 -390
i0
-20 -20 -20
i1
390 390 390
i2
-390 -390 -390
i0
-20 -20 -20
i1
390 390 390
i2
-390 -390 -390
i0
-20 -20 -20
i1
390 390 390
i2
-390 -390 -390
i0
-20 -20 -20
i1
390 390 390
i2
-390 -390 -390
i0
-20 -20 -20
i1
390 390 390
i2
-390 -390 -390
i0
-21 -21 -21
i1
390 390 390
i2
-390 -390 -390
i0
-21 -21 -21
i1
390 390 390
i2
-390 -390 -390
i0
-21 -21 -21
i1
390 390 390
i2
-390 -390 -390
i0
-21 -21 -21
i1
389 389 389
i2
-389 -389 -389
i0
-22 -22 -22
i1
389 389 389
i2
-389 -389 -389
i0
-22 -22 -22
i1
389 389 389
i2
-389 -389 -389
i0
-22 -22 -22
i1
389 389 389
i2
-389 -389 -389
i0
-22 -22 -22
i1
389 389 389
i2
-389 -389 -389
i0
-22 -22 -22
i1
389 389 389
i2
-389 -389 -389
i0
-23 -23 -23
i1
389 389 389
i2
-389 -389 -389
i0
-23 -23 -23
i1
389 389 389
i2
-389 -389 -389
i0
-23 -23 -23
i1
389 389 389
i2
-389 -389 -389
i0
-23 -23 -23
i1
388 388 388
i2
-388 -388 -388
i0
-24 -24 -24
i1
388 388 388
i2
-388 -388 -388
i0
-24 -24 -24
i1
388 388 388
i2
-388 -388 -388
i0
-24 -24 -24
i1
388 388 388
i2
-388 -388 -388
i0
-24 -24 -24
i1
388 388 388
i2
-388 -388 -388
i0
-25 -25 -25
i1
388 388 388
i2
-388 -388 -388
i0
-25 -25 -25
i1
388 388 388
i2
-388 -388 -388
i0
-25 -25 -25
i1
388 388 388
i2
-388 -388 -388
i0
-25 -25 -25
i1
387 387 387
i2
-387 -387 -387
i0
-26 -26 -26
i1
387 387 387
i2
-387 -387 -387
i0
-26 -26 -26
i1
387 387 387
i2
-387 -387 -387
i0
-26 -26 -26
i1
387 387 387
i2
-387 -387 -387
i0
-26 -26 -26
i1
387 387 387
i2
-387 -387 -387
i0
-27 -27 -27
i1
387 387 387
i2
-387 -387 -387
i0
-27 -27 -27
i1
387 387 387
i2
-387 -387 -387
i0
-27 -27 -27
i1
387 387 387
i2
-387 -387 -387
i0
-27 -27 -27
i1
387 387 387
i2
-387 -387 -387
i0
-28 -28 -28
i1
386 386 386
i2
-386 -386 -386
i0
-28 -28 -28
i1
386 386 386
i2
-386 -386 -386
i0
-28 -28 -28
i1
386 386 386
i2
-386 -386 -386
i0
-28 -28 -28
i1
386 386 386
i2
-386 -386 -386
i0
-29 -29 -29
i1
386 386 386
i2
-386 -386 -386
i0
-29 -29 -29
i1
386 386 386
i2
-386 -386 -386
i0
-29 -29 -29
i1
386 386 386
i2
-386 -386 -386
i0
-29 -29 -29
i1
386 386 386
i2
-386 -386 -386
i0
-30 -30 -30
i1
385 385 385
i2
-385 -385 -385
i0
-30 -30 -30
i1
385 385 385
i2
-385 -385 -385
i0
-30 -30 -30
i1
385 385 385
i2
-385 -385 -385
i0
-30 -30 -30
i1
385 385 385
i2
-385 -385 -385
i0
-31 -31 -31
i1
385 385 385
i2
-385 -385 -385
i0
-31 -31 -31
i1
385 385 385
i2
-385 -385 -385
i0
-31 -31 -31
i1
385 385 385
i2
-385 -385 -385
i0
-31 -31 -31
i1
384 384 384
i2
-384 -384 -384
i0
-32 -32 -32
i1
384 384 384
i2
-384 -384 -384
i0
-32 -32 -32
i1
384 384 384
i2
-384 -384 -384
i0
-32 -32 -32
i1
384 384 384
i2
-384 -384 -384
i0
-33 -33 -33
i1
384 384 384
i2
-384 -384 -384
i0
-33 -33 -33
i1
384 384 384
i2
-384 -384 -384
i0
-33 -33 -33
i1
384 384 384
i2
-384 -384 -384
i0
-33 -33 -33
i1
384 384 384
i2
-384 -384 -384
i0
-34 -34 -34
i1
383 383 383
i2
-383 -383 -383
i0
-34 -34 -34
i1
383 383 383
i2
-383 -383 -383
i0
-34 -34 -34
i1
383 383 383
i2
-383 -383 -383
i0
-35 -35 -35
i1
383 383 383
i2
-383 -383 -383
i0
-35 -35 -35
i1
383 383 383
i2
-383 -383 -383
i0
-35 -35 -35
i1
383 383 383
i2
-383 -383 -383
i0
-35 -35 -35
i1
383 383 383
i2
-383 -383 -383
i0
-36 -36 -36
i1
382 382 382
i2
-382 -382 -382
i0
-36 -36 -36
i1
382 382 382
i2
-382 -382 -382
i0
-36 -36 -36
i1
382 382 382
i2
-382 -382 -382
i0
-37 -37 -37
i1
382 382 382
i2
-382 -382 -382
i0
-37 -37 -37
i1
382 382 382
i2
-382 -382 -382
i0
-37 -37 -37
i1
382 382 382
i2
-382 -382 -382
i0
-37 -37 -37
i1
382 382 382
i2
-382 -382 -382
i0
-38 -38 -38
i1
381 381 381
i2
-381 -381 -381
i0
-38 -38 -38
i1
381 381 381
i2
-381 -381 -381
i0
-38 -38 -38
i1
381 381 381
i2
-381 -381 -381
i0
-39 -39 -39
i1
381 381 381
i2
-381 -381 -381
i0
-39 -39 -39
i1
381 381 381
i2
-381 -381 -381
i0
-39 -39 -39
i1
381 381 381
i2
-381 -381 -381
i0
-40 -40 -40
i1
381 381 381
i2
-381 -381 -381
i0
-40 -40 -40
i1
380 380 380
i2
-380 -380 -380
i0
-40 -40 -40
i1
380 380 380
i2
-380 -380 -380
i0
-41 -41 -41
i1
380 380 380
i2
-380 -380 -380
i0
-41 -41 -41
i1
380 380 380
i2
-380 -380 -380
i0
-41 -41 -41
i1
380 380 380
i2
-380 -380 -380
i0
-41 -41 -41
i1
380 380 380
i2
-380 -380 -380
i0
-42 -42 -42
i1
379 379 379
i2
-379 -379 -379
i0
-42 -42 -42
i1
379 379 379
i2
-379 -379 -379
i0
-42 -42 -42
i1
379 379 379
i2
-379 -379 -379
i0
-43 -43 -43
i1
379 379 379
i2
-379 -379 -379
i0
-43 -43 -43
i1
379 379 379
i2
-379 -379 -379
i0
-43 -43 -43
i1
379 379 379
i2
-379 -379 -379
i0
-44 -44 -44
i1
379 379 379
i2
-379 -379 -379
i0
-44 -44 -44
i1
378 378 378
i2
-378 -378 -378
i0
-44 -44 -44
i1
378 378 378
i2
-378 -378 -378
i0
-45 -45 -45
i1
378 378 378
i2
-378 -378 -378
i0
-45 -45 -45
i1
378 378 378
i2
-378 -378 -378
i0
-45 -45 -45
i1
378 378 378
i2
-378 -378 -378
i0
-46 -46 -46
i1
378 378 378
i2
-378 -378 -378
i0
-46 -46 -46
i1
377 377 377
i2
-377 -377 -377
i0
-46 -46 -46
i1
377 377 377
i2
-377 -377 -377
i0
-47 -47 -47
i1
377 377 377
i2
-377 -377 -377
i0
-47 -47 -47
i1
377 377 377
i2
-377 -377 -377
i0
-47 -47 -47
i1
377 377 377
i2
-377 -377 -377
i0
-48 -48 -48
i1
377 377 377
i2
-377 -377 -377
i0
-48 -48 -48
i1
376 376 376
i2
-376 -376 -376
i0
-48 -48 -48
i1
376 376 376
i2
-376 -376 -376
i0
-49 -49 -49
i1
376 376 376
i2
-376 -376 -376
i0
-49 -49 -49
i1
376 376 376
i2
-376 -376 -376
i0
-49 -49 -49
i1
376 376 376
i2
-376 -376 -376
i0
-50 -50 -50
i1
376 376 376
i2
-376 -376 -376
i0
-50 -50 -50
i1
375 375 375
i2
-375 -375 -375
i0
-51 -51 -51
i1
375 375 375
i2
-375 -375 -375
i0
-51 -51 -51
i1
375 375 375
i2
-375 -375 -375
i0
-51 -51 -51
i1
375 375 375
i2
-375 -375 -375
i0
-52 -52 -52
i1
375 375 375
i2
-375 -375 -375
i0
-52 -52 -52
i1
375 375 375
i2
-375 -375 -375
i0
-52 -52 -52
i1
374 374 374
i2
-374 -374 -374
i0
-53 -53 -53
i1
374 374 374
i2
-374 -374 -374
i0
-53 -53 -53
i1
374 374 374
i2
-374 -374 -374
i0
-53 -53 -53
i1
374 374 374
i2
-374 -374 -374
i0
-54 -54 -54
i1
374 374 374
i2
-374 -374 -374
i0
-54 -54 -54
i1
374 374 374
i2
-374 -374 -374
i0
-54 -54 -54
i1
373 373 373
i2
-373 -373 -373
i0
-55 -55 -55
i1
373 373 373
i2
-373 -373 -373
i0
-55 -55 -55
i1
373 373 373
i2
-373 -373 -373
i0
-56 -56 -56
i1
373 373 373
i2
-373 -373 -373
i0
-56 -56 -56
i1
373 373 373
i2
-373 -373 -373
i0
-56 -56 -56
i1
373 373 373
i2
-373 -373 -373
i0
-57 -57 -57
i1
372 372 372
i2
-372 -372 -372
i0
-57 -57 -57
i1
372 372 372
i2
-372 -372 -372
i0
-57 -57 -57
i1
372 372 372
i2
-372 -372 -372
i0
-58 -58 -58
i1
372 372 372
i2
-372 -372 -372
i0
-58 -58 -58
i1
372 372 372
i2
-372 -372 -372
i0
-59 -59 -59
i1
371 371 371
i2
-371 -371 -371
i0
-59 -59 -59
i1
371 371 371
i2
-371 -371 -371
i0
-59 -59 -59
i1
371 371 371
i2
-371 -371 -371
i0
-60 -60 -60
i1
371 371 371
i2
-371 -371 -371
i0
-60 -60 -60
i1
371 371 371
i2
-371 -371 -371
i0
-61 -61 -61
i1
371 371 371
i2
-371 -371 -371
i0
-61 -61 -61
i1
370 370 370
i2
-370 -370 -370
i0
-61 -61 -61
i1
370 370 370
i2
-370 -370 -370
i0
-62 -62 -62
i1
370 370 370
i2
-370 -370 -370
i0
-62 -62 -62
i1
370 370 370
i2
-370 -370 -370
i0
-63 -63 -63
i1
370 370 370
i2
-370 -370 -370
i0
-63 -63 -63
i1
369 369 369
i2
-369 -369 -369
i0
-63 -63 -63
i1
369 369 369
i2
-369 -369 -369
i0
-64 -64 -64
i1
369 369 369
i2
-369 -369 -369
i0
-64 -64 -64
i1
369 369 369
i2
-369 -369 -369
i0
-65 -65 -65
i1
369 369 369
i2
-369 -369 -369
i0
-65 -65 -65
i1
368 368 368
i2
-368 -368 -368
i0
-65 -65 -65
i1
368 368 368
i2
-368 -368 -368
i0
-66 -66 -66
i1
368 368 368
i2
-368 -368 -368
i0
-66 -66 -66
i1
368 368 368
i2
-368 -368 -368
i0
-67 -67 -67
i1
368 368 368
i2
-368 -368 -368
i0
-67 -67 -67
i1
368 368 368
i2
-368 -368 -368
i0
-67 -67 -67
i1
367 367 367
i2
-367 -367 -367
i0
-68 -68 -68
i1
367 367 367
i2
-367 -367 -367
i0
-68 -68 -68
i1
367 367 367
i2
-367 -367 -367
i0
-69 -69 -69
i1
367 367 367
i2
-367 -367 -367
i0
-69 -69 -69
i1
367 367 367
i2
-367 -367 -367
i0
-70 -70 -70
i1
366 366 366
i2
-366 -366 -366
i0
-70 -70 -70
i1
366 366 366
i2
-366 -366 -366
i0
-70 -70 -70
i1
366 366 366
i2
-366 -366 -366
i0
-71 -71 -71
i1
366 366 366
i2
-366 -366 -366
i0
-71 -71 -71
i1
366 366 366
i2
-366 -366 -366
i0
-72 -72 -72
i1
365 365 365
i2
-365 -365 -365
i0
-72 -72 -72
i1
365 365 365
i2
-365 -365 -365
i0
-73 -73 -73
i1
365 365 365
i2
-365 -365 -365
i0
-73 -73 -73
i1
365 365 365
i2
-365 -365 -365
i0
-73 -73 -73
i1
365 365 365
i2
-365 -365 -365
i0
-74 -74 -74
i1
364 364 364
i2
-364 -364 -364
i0
-74 -74 -74
i1
364 364 364
i2
-364 -364 -364
i0
-75 -75 -75
i1
364 364 364
i2
-364 -364 -364
i0
-75 -75 -75
i1
364 364 364
i2
-364 -364 -364
i0
-76 -76 -76
i1
363 363 363
i2
-363 -363 -363
i0
-76 -76 -76
i1
363 363 363
i2
-363 -363 -363
i0
-76 -76 -76
i1
363 363 363
i2
-363 -363 -363
i0
-77 -77 -77
i1
363 363 363
i2
-363 -363 -363
i0
-77 -77 -77
i1
363 363 363
i2
-363 -363 -363
i0
-78 -78 -78
i1
362 362 362
i2
-362 -362 -362
i0
-78 -78 -78
i1
362 362 362
i2
-362 -362 -362
i0
-79 -79 -79
i1
362 362 362
i2
-362 -362 -362
i0
-79 -79 -79
i1
362 362 362
i2
-362 -362 -362
i0
-80 -80 -80
i1
362 362 362
i2
-362 -362 -362
i0
-80 -80 -80
i1
361 361 361
i2
-361 -361 -361
i0
-81 -81 -81
i1
361 361 361
i2
-361 -361 -361
i0
-81 -81 -81
i1
361 361 361
i2
-361 -361 -361
i0
-81 -81 -81
i1
361 361 361
i2
-361 -361 -361
i0
-82 -82 -82
i1
361 361 361
i2
-361 -361 -361
i0
-82 -82 -82
i1
360 360 360
i2
-360 -360 -360
i0
-83 -83 -83
i1
360 360 360
i2
-360 -360 -360
i0
-83 -83 -83
i1
360 360 360
i2
-360 -360 -360
i0
-84 -84 -84
i1
360 360 360
i2
-360 -360 -360
i0
-84 -84 -84
i1
359 359 359
i2
-359 -359 -359
i0
-85 -85 -85
i1
359 359 359
i2
-359 -359 -359
i0
-85 -85 -85
i1
359 359 359
i2
-359 -359 -359
i0
-86 -86 -86
i1
359 359 359
i2
-359 -359 -359
i0
-86 -86 -86
i1
359 359 359
i2
-359 -359 -359
i0
-87 -87 -87
i1
358 358 358
i2
-358 -358 -358
i0
-87 -87 -87
i1
358 358 358
i2
-358 -358 -358
i0
-88 -88 -88
i1
358 358 358
i2
-358 -358 -358
i0
-88 -88 -88
i1
358 358 358
i2
-358 -358 -358
i0
-89 -89 -89
i1
357 357 357
i2
-357 -357 -357
i0
-89 -89 -89
i1
357 357 357
i2
-357 -357 -357
i0
-90 -90 -90
i1
357 357 357
i2
-357 -357 -357
i0
-90 -90 -90
i1
357 357 357
i2
-357 -357 -357
i0
-91 -91 -91
i1
357 357 357
i2
-357 -357 -357
i0
-91 -91 -91
i1
356 356 356
i2
-356 -356 -356
i0
-92 -92 -92
i1
356 356 356
i2
-356 -356 -356
i0
-92 -92 -92
i1
356 356 356
i2
-356 -356 -356
i0
-93 -93 -93
i1
356 356 356
i2
-356 -356 -356
i0
-93 -93 -93
i1
355 355 355
i2
-355 -355 -355
i0
-94 -94 -94
i1
355 355 355
i2
-355 -355 -355
i0
-94 -94 -94
i1
355 355 355
i2
-355 -355 -355
i0
-95 -95 -95
i1
355 355 355
i2
-355 -355 -355
i0
-95 -95 -95
i1
355 355 355
i2
-355 -355 -355
i0
-96 -96 -96
i1
354 354 354
i2
-354 -354 -354
i0
-96 -96 -96
i1
354 354 354
i2
-354 -354 -354
i0
-97 -97 -97
i1
354 354 354
i2
-354 -354 -354
i0
-97 -97 -97
i1
354 354 354
i2
-354 -354 -354
i0
-98 -98 -98
i1
353 353 353
i2
-353 -353 -353
i0
-98 -98 -98
i1
353 353 353
i2
-353 -353 -353
i0
-99 -99 -99
i1
353 353 353
i2
-353 -353 -353
i0
-99 -99 -99
i1
353 353 353
i2
-353 -353 -353
i0
-100 -100 -100
i1
352 352 352
i2
-352 -352 -352
i0
-100 -100 -100
i1
352 352 352
i2
-352 -352 -352
i0
-101 -101 -101
i1
352 352 352
i2
-352 -352 -352
i0
-101 -101 -101
i1
352 352 352
i2
-352 -352 -352
i0
-102 -102 -102
i1
351 351 351
i2
-351 -351 -351
i0
-102 -102 -102
i1
351 351 351
i2
-351 -351 -351
i0
-103 -103 -103
i1
351 351 351
i2
-351 -351 -351
i0
-104 -104 -104
i1
351 351 351
i2
-351 -351 -351
i0
-104 -104 -104
i1
350 350 350
i2
-350 -350 -350
i0
-105 -105 -105
i1
350 350 350
i2
-350 -350 -350
i0
-105 -105 -105
i1
350 350 350
i2
-350 -350 -350
i0
-106 -106 -106
i1
350 350 350
i2
-350 -350 -350
i0
-106 -106 -106
i1
350 350 350
i2
-350 -350 -350
i0
-107 -107 -107
i1
349 349 349
i2
-349 -349 -349
i0
-107 -107 -107
i1
349 349 349
i2
-349 -349 -349
i0
-108 -108 -108
i1
349 349 349
i2
-349 -349 -349
i0
-108 -108 -108
i1
349 349 349
i2
-349 -349 -349
i0
-109 -109 -109
i1
348 348 348
i2
-348 -348 -348
i0
-110 -110 -110
i1
348 348 348
i2
-348 -348 -348
i0
-110 -110 -110
i1
348 348 348
i2
-348 -348 -348
i0
-111 -111 -111
i1
348 348 348
i2
-348 -348 -348
i0
-111 -111 -111
i1
347 347 347
i2
-347 -347 -347
i0
-112 -112 -112
i1
347 347 347
i2
-347 -347 -347
i0
-112 -112 -112
i1
347 347 347
i2
-347 -347 -347
i0
-113 -113 -113
i1
347 347 347
i2
-347 -347 -347
i0
-114 -114 -114
i1
346 346 346
i2
-346 -346 -346
i0
-114 -114 -114
i1
346 346 346
i2
-346 -346 -346
i0
-115 -115 -115
i1
346 346 346
i2
-346 -346 -346
i0
-115 -115 -115
i1
346 346 346
i2
-346 -346 -346
i0
-116 -116 -116
i1
345 345 345
i2
-345 -345 -345
i0
-116 -116 -116
i1
345 345 345
i2
-345 -345 -345
i0
-117 -117 -117
i1
345 345 345
i2
-345 -345 -345
i0
-118 -118 -118
i1
344 344 344
i2
-344 -344 -344
i0
-118 -118 -118
i1
344 344 344
i2
-344 -344 -344
i0
-119 -119 -119
i1
344 344 344
i2
-344 -344 -344
i0
-119 -119 -119
i1
344 344 344
i2
-344 -344 -344
i0
-120 -120 -120
i1
343 343 343
i2
-343 -343 -343
i0
-121 -121 -121
i1
343 343 343
i2
-343 -343 -343
i0
-121 -121 -121
i1
343 343 343
i2
-343 -343 -343
i0
-122 -122 -122
i1
343 343 343
i2
-343 -343 -343
i0
-122 -122 -122
i1
342 342 342
i2
-342 -342 -342
i0
-123 -123 -123
i1
342 342 342
i2
-342 -342 -342
i0
-124 -124 -124
i1
342 342 342
i2
-342 -342 -342
i0
-124 -124 -124
i1
342 342 342
i2
-342 -342 -342
i0
-125 -125 -125
i1
341 341 341
i2
-341 -341 -341
i0
-125 -125 -125
i1
341 341 341
i2
-341 -341 -341
i0
-126 -126 -126
i1
341 341 341
i2
-341 -341 -341
i0
-127 -127 -127
i1
341 341 341
i2
-341 -341 -341
i0
-127 -127 -127
i1
340 340 340
i2
-340 -340 -340
i0
-128 -128 -128
i1
340 340 340
i2
-340 -340 -340
i0
-128 -128 -128
i1
340 340 340
i2
-340 -340 -340
i0
-129 -129 -129
i1
339 339 339
i2
-339 -339 -339
i0
-130 -130 -130
i1
339 339 339
i2
-339 -339 -339
i0
-130 -130 -130
i1
339 339 339
i2
-339 -339 -339
i0
-131 -131 -131
i1
339 339 339
i2
-339 -339 -339
i0
-132 -132 -132
i1
338 338 338
i2
-338 -338 -338
i0
-132 -132 -132
i1
338 338 338
i2
-338 -338 -338
i0
-133 -133 -133
i1
338 338 338
i2
-338 -338 -338
i0
-134 -134 -134
i1
338 338 338
i2
-338 -338 -338
i0
-134 -134 -134
i1
337 337 337
i2
-337 -337 -337
i0
-135 -135 -135
i1
337 337 337
i2
-337 -337 -337
i0
-135 -135 -135
i1
337 337 337
i2
-337 -337 -337
i0
-136 -136 -136
i1
336 336 336
i2
-336 -336 -336
i0
-137 -137 -137
i1
336 336 336
i2
-336 -336 -336
i0
-137 -137 -137
i1
336 336 336
i2
-336 -336 -336
i0
-138 -138 -138
i1
336 336 336
i2
-336 -336 -336
i0
-139 -139 -139
i1
335 335 335
i2
-335 -335 -335
i0
-139 -139 -139
i1
335 335 335
i2
-335 -335 -335
i0
-140 -140 -140
i1
335 335 335
i2
-335 -335 -335
i0
-141 -141 -141
i1
335 335 335
i2
-335 -335 -335
i0
-141 -141 -141
i1
334 334 334
i2
-334 -334 -334
i0
-142 -142 -142
i1
334 334 334
i2
-334 -334 -334
i0
-143 -143 -143
i1
334 334 334
i2
-334 -334 -334
i0
-143 -143 -143
i1
333 333 333
i2
-333 -333 -333
i0
-144 -144 -144
i1
333 333 333
i2
-333 -333 -333
i0
-145 -145 -145
i1
333 333 333
i2
-333 -333 -333
i0
-145 -145 -145
i1
333 333 333
i2
-333 -333 -333
i0
-146 -146 -146
i1
332 332 332
i2
-332 -332 -332
i0
-147 -147 -147
i1
332 332 332
i2
-332 -332 -332
i0
-147 -147 -147
i1
332 332 332
i2
-332 -332 -332
i0
-148 -148 -148
i1
331 331 331
i2
-331 -331 -331
i0
-149 -149 -149
i1
331 331 331
i2
-331 -331 -331
i0
-150 -150 -150
i1
331 331 331
i2
-331 -331 -331
i0
-150 -150 -150
i1
330 330 330
i2
-330 -330 -330
i0
-151 -151 -151
i1
330 330 330
i2
-330 -330 -330
i0
-152 -152 -152
i1
330 330 330
i2
-330 -330 -330
i0
-152 -152 -152
i1
330 330 330
i2
-330 -330 -330
i0
-153 -153 -153
i1
329 329 329
i2
-329 -329 -329
i0
-154 -154 -154
i1
329 329 329
i2
-329 -329 -329
i0
-154 -154 -154
i1
329 329 329
i2
-329 -329 -329
i0
-155 -155 -155
i1
328 328 328
i2
-328 -328 -328
i0
-156 -156 -156
i1
328 328 328
i2
-328 -328 -328
i0
-157 -157 -157
i1
328 328 328
i2
-328 -328 -328
i0
-157 -157 -157
i1
328 328 328
i2
-328 -328 -328
i0
-158 -158 -158
i1
327 327 327
i2
-327 -327 -327
i0
-159 -159 -159
i1
327 327 327
i2
-327 -327 -327
i0
-160 -160 -160
i1
327 327 327
i2
-327 -327 -327
i0
-160 -160 -160
i1
326 326 326
i2
-326 -326 -326
i0
-161 -161 -161
i1
326 326 326
i2
-326 -326 -326
i0
-162 -162 -162
i1
326 326 326
i2
-326 -326 -326
i0
-162 -162 -162
i1
325 325 325
i2
-325 -325 -325
i0
-163 -163 -163
i1
325 325 325
i2
-325 -325 -325
i0
-164 -164 -164
i1
325 325 325
i2
-325 -325 -325
i0
-165 -165 -165
i1
325 325 325
i2
-325 -325 -325
i0
-165 -165 -165
i1
324 324 324
i2
-324 -324 -324
i0
-166 -166 -166
i1
324 324 324
i2
-324 -324 -324
i0
-167 -167 -167
i1
324 324 324
i2
-324 -324 -324
i0
-168 -168 -168
i1
323 323 323
i2
-323 -323 -323
i0
-168 -168 -168
i1
323 323 323
i2
-323 -323 -323
i0
-169 -169 -169
i1
323 323 323
i2
-323 -323 -323
i0
-170 -170 -170
i1
322 322 322
i2
-322 -322 -322
i0
-171 -171 -171
i1
322 322 322
i2
-322 -322 -322
i0
-172 -172 -172
i1
322 322 322
i2
-322 -322 -322
i0
-172 -172 -172
i1
321 321 321
i2
-321 -321 -321
i0
-173 -173 -173
i1
321 321 321
i2
-321 -321 -321
i0
-174 -174 -174
i1
321 321 321
i2
-321 -321 -321
i0
-175 -175 -175
i1
321 321 321
i2
-321 -321 -321
i0
-175 -175 -175
i1
320 320 320
i2
-320 -320 -320
i0
-176 -176 -176
i1
320 320 320
i2
-320 -320 -320
i0
-177 -177 -177
i1
320 320 320
i2
-320 -320 -320
i0
-178 -178 -178
i1
319 319 319
i2
-319 -319 -319
i0
-179 -179 -179
i1
319 319 319
i2
-319 -319 -319
i0
-179 -179 -179
i1
319 319 319
i2
-319 -319 -319
i0
-180 -180 -180
i1
318 318 318
i2
-318 -318 -318
i0
-181 -181 -181
i1
318 318 318
i2
-318 -318 -318
i0
-182 -182 -182
i1
318 318 318
i2
-318 -318 -318
i0
-183 -183 -183
i1
317 317 317
i2
-317 -317 -317
i0
-184 -184 -184
i1
317 317 317
i2
-317 -317 -317
i0
-184 -184 -184
i1
317 317 317
i2
-317 -317 -317
i0
-185 -185 -185
i1
316 316 316
i2
-316 -316 -316
i0
-186 -186 -186
i1
316 316 316
i2
-316 -316 -316
i0
-187 -187 -187
i1
316 316 316
i2
-316 -316 -316
i0
-188 -188 -188
i1
315 315 315
i2
-315 -315 -315
i0
-189 -189 -189
i1
315 315 315
i2
-315 -315 -315
i0
-189 -189 -189
i1
315 315 315
i2
-315 -315 -315
i0
-190 -190 -190
i1
314 314 314
i2
-314 -314 -314
i0
-191 -191 -191
i1
314 314 314
i2
-314 -314 -314
i0
-192 -192 -192
i1
314 314 314
i2
-314 -314 -314
i0
-193 -193 -193
i1
313 313 313
i2
-313 -313 -313
i0
-194 -194 -194
i1
313 313 313
i2
-313 -313 -313
i0
-195 -195 -195
i1
313 313 313
i2
-313 -313 -313
i0
-195 -195 -195
i1
312 312 312
i2
-312 -312 -312
i0
-196 -196 -196
i1
312 312 312
i2
-312 -312 -312
i0
-197 -197 -197
i1
312 312 312
i2
-312 -312 -312
i0
-198 -198 -198
i1
311 311 311
i2
-311 -311 -311
i0
-199 -199 -199
i1
311 311 311
i2
-311 -311 -311
i0
-200 -200 -200
i1
311 311 311
i2
-311 -311 -311
i0
-201 -201 -201
i1
310 310 310
i2
-310 -310 -310
i0
-202 -202 -202
i1
310 310 310
i2
-310 -310 -310
i0
-202 -202 -202
i1
310 310 310
i2
-310 -310 -310
i0
-203 -203 -203
i1
309 309 309
i2
-309 -309 -309
i0
-204 -204 -204
i1
309 309 309
i2
-309 -309 -309
i0
-205 -205 -205
i1
309 309 309
i2
-309 -309 -309
i0
-206 -206 -206
i1
308 308 308
i2
-308 -308 -308
i0
-207 -207 -207
i1
308 308 308
i2
-308 -308 -308
i0
-208 -208 -208
i1
308 308 308
i2
-308 -308 -308
i0
-209 -209 -209
i1
307 307 307
i2
-307 -307 -307
i0
-210 -210 -210
i1
307 307 307
i2
-307 -307 -307
i0
-211 -211 -211
i1
307 307 307
i2
-307 -307 -307
i0
-212 -212 -212
i1
306 306 306
i2
-306 -306 -306
i0
-213 -213 -213
i1
306 306 306
i2
-306 -306 -306
i0
-214 -214 -214
i1
306 306 306
i2
-306 -306 -306
i0
-215 -215 -215
i1
305 305 305
i2
-305 -305 -305
i0
-216 -216 -216
i1
305 305 305
i2
-305 -305 -305
i0
-217 -217 -217
i1
305 305 305
i2
-305 -305 -305
i0
-218 -218 -218
i1
304 304 304
i2
-304 -304 -304
i0
-219 -219 -219
i1
304 304 304
i2
-304 -304 -304
i0
-220 -220 -220
i1
304 304 304
i2
-304 -304 -304
i0
-220 -220 -220
i1
303 303 303
i2
-303 -303 -303
i0
-221 -221 -221
i1
303 303 303
i2
-303 -303 -303
i0
-222 -222 -222
i1
303 303 303
i2
-303 -303 -303
i0
-223 -223 -223
i1
302 302 302
i2
-302 -302 -302
i0
-225 -225 -225
i1
302 302 302
i2
-302 -302 -302
i0
-226 -226 -226
i1
301 301 301
i2
-301 -301 -301
i0
-227 -227 -227
i1
301 301 301
i2
-301 -301 -301
i0
-228 -228 -228
i1
301 301 301
i2
-301 -301 -301
i0
-229 -229 -229
i1
300 300 300
i2
-300 -300 -300
i0
-230 -230 -230
i1
300 300 300
i2
-300 -300 -300
i0
-231 -231 -231
i1
300 300 300
i2
-300 -300 -300
i0
-232 -232 -232
i1
299 299 299
i2
-299 -299 -299
i0
-233 -233 -233
i1
299 299 299
i2
-299 -299 -299
i0
-234 -234 -234
i1
299 299 299
i2
-299 -299 -299
i0
-235 -235 -235
i1
298 298 298
i2
-298 -298 -298
i0
-236 -236 -236
i1
298 298 298
i2
-298 -298 -298
i0
-237 -237 -237
i1
298 298 298
i2
-298 -298 -298
i0
-238 -238 -238
i1
297 297 297
i2
-297 -297 -297
i0
-239 -239 -239
i1
297 297 297
i2
-297 -297 -297
i0
-240 -240 -240
i1
296 296 296
i2
-296 -296 -296
i0
-242 -242 -242
i1
296 296 296
i2
-296 -296 -296
i0
-243 -243 -243
i1
296 296 296
i2
-296 -296 -296
i0
-244 -244 -244
i1
295 295 295
i2
-295 -295 -295
i0
-245 -245 -245
i1
295 295 295
i2
-295 -295 -295
i0
-246 -246 -246
i1
295 295 295
i2
-295 -295 -295
i0
-247 -247 -247
i1
294 294 294
i2
-294 -294 -294
i0
-248 -248 -248
i1
294 294 294
i2
-294 -294 -294
i0
-250 -250 -250
i1
293 293 293
i2
-293 -293 -293
i0
-251 -251 -251
i1
293 293 293
i2
-293 -293 -293
i0
-252 -252 -252
i1
293 293 293
i2
-293 -293 -293
i0
-253 -253 -253
i1
292 292 292
i2
-292 -292 -292
i0
-255 -255 -255
i1
292 292 292
i2
-292 -292 -292
i0
-256 -256 -256
i1
292 292 292
i2
-292 -292 -292
i0
-257 -257 -257
i1
291 291 291
i2
-291 -291 -291
i0
-258 -258 -258
i1
291 291 291
i2
-291 -291 -291
i0
-260 -260 -260
i1
290 290 290
i2
-290 -290 -290
i0
-261 -261 -261
i1
290 290 290
i2
-290 -290 -290
i0
-262 -262 -262
i1
290 290 290
i2
-290 -290 -290
i0
-263 -263 -263
i1
289 289 289
i2
-289 -289 -289
i0
-265 -265 -265
i1
289 289 289
i2
-289 -289 -289
i0
-266 -266 -266
i1
289 289 289
i2
-289 -289 -289
i0
-268 -268 -268
i1
288 288 288
i2
-288 -288 -288
i0
-269 -269 -269
i1
288 288 288
i2
-288 -288 -288
i0
-270 -270 -270
i1
287 287 287
i2
-287 -287 -287
i0
-272 -272 -272
i1
287 287 287
i2
-287 -287 -287
i0
-273 -273 -273
i1
287 287 287
i2
-287 -287 -287
i0
-275 -275 -275
i1
286 286 286
i2
-286 -286 -286
i0
-276 -276 -276
i1
286 286 286
i2
-286 -286 -286
i0
-278 -278 -278
i1
286 286 286
i2
-286 -286 -286
i0
-280 -280 -280
i1
285 285 285
i2
-285 -285 -285
i0
-281 -281 -281
i1
285 285 285
i2
-285 -285 -285
i0
-283 -283 -283
i1
284 284 284
i2
-284 -284 -284
i0
-285 -285 -285
i1
284 284 284
i2
-284 -284 -284
i0
-287 -287 -287
i1
284 284 284
i2
-284 -284 -284
i0
-289 -289 -289
i1
283 283 283
i2
-283 -283 -283
i0
-291 -291 -291
i1
283 283 283
i2
-283 -283 -283
i0
-293 -293 -293
i1
282 282 282
i2
-282 -282 -282
i0
-295 -295 -295
i1
282 282 282
i2
-282 -282 -282
i0
-296 -296 -296
i1
282 282 282
i2
-282 -282 -282
i0
-298 -298 -298
i1
281 281 281
i2
-281 -281 -281
i0
-299 -299 -299
i1
281 281 281
i2
-281 -281 -281
i0
-301 -301 -301
i1
280 280 280
i2
-280 -280 -280
i0
-303 -303 -303
i1
280 280 280
i2
-280 -280 -280
i0
-304 -304 -304
i1
280 280 280
i2
-280 -280 -280
i0
-306 -306 -306
i1
279 279 279
i2
-279 -279 -279
i0
-307 -307 -307
i1
279 279 279
i2
-279 -279 -279
i0
-309 -309 -309
i1
278 278 278
i2
-278 -278 -278
i0
-310 -310 -310
i1
278 278 278
i2
-278 -278 -278
i0
-312 -312 -312
i1
278 278 278
i2
-278 -278 -278
i0
-313 -313 -313
i1
277 277 277
i2
-277 -277 -277
i0
-315 -315 -315
i1
277 277 277
i2
-277 -277 -277
i0
-316 -316 -316
i1
276 276 276
i2
-276 -276 -276
i0
-317 -317 -317
i1
276 276 276
i2
-276 -276 -276
i0
-319 -319 -319
i1
276 276 276
i2
-276 -276 -276
i0
-320 -320 -320
i1
275 275 275
i2
-275 -275 -275
i0
-322 -322 -322
i1
275 275 275
i2
-275 -275 -275
i0
-323 -323 -323
i1
274 274 274
i2
-274 -274 -274
i0
-324 -324 -324
i1
274 274 274
i2
-274 -274 -274
i0
-326 -326 -326
i1
274 274 274
i2
-274 -274 -274
i0
-327 -327 -327
i1
273 273 273
i2
-273 -273 -273
i0
-328 -328 -328
i1
273 273 273
i2
-273 -273 -273
i0
-330 -330 -330
i1
272 272 272
i2
-272 -272 -272
i0
-331 -331 -331
i1
272 272 272
i2
-272 -272 -272
i0
-332 -332 -332
i1
271 271 271
i2
-271 -271 -271
i0
-334 -334 -334
i1
271 271 271
i2
-271 -271 -271
i0
-335 -335 -335
i1
271 271 271
i2
-271 -271 -271
i0
-336 -336 -336
i1
270 270 270
i2
-270 -270 -270
i0
-337 -337 -337
i1
270 270 270
i2
-270 -270 -270
i0
-339 -339 -339
i1
269 269 269
i2
-269 -269 -269
i0
-340 -340 -340
i1
269 269 269
i2
-269 -269 -269
i0
-341 -341 -341
i1
269 269 269
i2
-269 -269 -269
i0
-343 -343 -343
i1
268 268 268
i2
-268 -268 -268
i0
-344 -344 -344
i1
268 268 268
i2
-268 -268 -268
i0
-345 -345 -345
i1
267 267 267
i2
-267 -267 -267
i0
-346 -346 -346
i1
267 267 267
i2
-267 -267 -267
i0
-348 -348 -348
i1
266 266 266
i2
-266 -266 -266
i0
-349 -349 -349
i1
266 266 266
i2
-266 -266 -266
i0
-350 -350 -350
i1
266 266 266
i2
-266 -266 -266
i0
-351 -351 -351
i1
265 265 265
i2
-265 -265 -265
i0
-352 -352 -352
i1
265 265 265
i2
-265 -265 -265
i0
-354 -354 -354
i1
264 264 264
i2
-264 -264 -264
i0
-355 -355 -355
i1
264 264 264
i2
-264 -264 -264
i0
-356 -356 -356
i1
263 263 263
i2
-263 -263 -263
i0
-357 -357 -357
i1
263 263 263
i2
-263 -263 -263
i0
-358 -358 -358
i1
263 263 263
i2
-263 -263 -263
i0
-360 -360 -360
i1
262 262 262
i2
-262 -262 -262
i0
-361 -361 -361
i1
262 262 262
i2
-262 -262 -262
i0
-362 -362 -362
i1
261 261 261
i2
-261 -261 -261
i0
-363 -363 -363
i1
261 261 261
i2
-261 -261 -261
i0
-364 -364 -364
i1
260 260 260
i2
-260 -260 -260
i0
-366 -366 -366
i1
260 260 260
i2
-260 -260 -260
i0
-367 -367 -367
i1
260 260 260
i2
-260 -260 -260
i0
-368 -368 -368
i1
259 259 259
i2
-259 -259 -259
i0
-369 -369 -369
i1
259 259 259
i2
-259 -259 -259
i0
-370 -370 -370
i1
258 258 258
i2
-258 -258 -258
i0
-371 -371 -371
i1
258 258 258
i2
-258 -258 -258
i0
-372 -372 -372
i1
257 257 257
i2
-257 -257 -257
i0
-374 -374 -374
i1
257 257 257
i2
-257 -257 -257
i0
-375 -375 -375
i1
256 256 256
i2
-256 -256 -256
i0
-376 -376 -376
i1
256 256 256
i2
-256 -256 -256
i0
-377 -377 -377
i1
256 256 256
i2
-256 -256 -256
i0
-378 -378 -378
i1
255 255 255
i2
-255 -255 -255
i0
-379 -379 -379
i1
255 255 255
i2
-255 -255 -255
i0
-380 -380 -380
i1
254 254 254
i2
-254 -254 -254
i0
-381 -381 -381
i1
254 254 254
i2
-254 -254 -254
i0
-383 -383 -383
i1
253 253 253
i2
-253 -253 -253
i0
-384 -384 -384
i1
253 253 253
i2
-253 -253 -253
i0
-385 -385 -385
i1
252 252 252
i2
-252 -252 -252
i0
-386 -386 -386
i1
252 252 252
i2
-252 -252 -252
i0
-387 -387 -387
i1
251 251 251
i2
-251 -251 -251
i0
-388 -388 -388
i1
251 251 251
i2
-251 -251 -251
i0
-389 -389 -389
i1
251 251 251
i2
-251 -251 -251
i0
-390 -390 -390
i1
250 250 250
i2
-250 -250 -250
i0
-391 -391 -391
i1
250 250 250
i2
-250 -250 -250
i0
-392 -392 -392
i1
249 249 249
i2
-249 -249 -249
i0
-393 -393 -393
i1
249 249 249
i2
-249 -249 -249
i0
-395 -395 -395
i1
248 248 248
i2
-248 -248 -248
i0
-396 -396 -396
i1
248 248 248
i2
-248 -248 -248
i0
-397 -397 -397
i1
247 247 247
i2
-247 -247 -247
i0
-398 -398 -398
i1
247 247 247
i2
-247 -247 -247
i0
-399 -399 -399
i1
246 246 246
i2
-246 -246 -246
i0
-400 -400 -400
i1
246 246 246
i2
-246 -246 -246
i0
-401 -401 -401
i1
245 245 245
i2
-245 -245 -245
i0
-402 -402 -402
i1
245 245 245
i2
-245 -245 -245
i0
-403 -403 -403
i1
245 245 245
i2
-245 -245 -245
i0
-404 -404 -404
i1
244 244 244
i2
-244 -244 -244
i0
-405 -405 -405
i1
244 244 244
i2
-244 -244 -244
i0
-406 -406 -406
i1
243 243 243
i2
-243 -243 -243
i0
-407 -407 -407
i1
243 243 243
i2
-243 -243 -243
i0
-408 -408 -408
i1
242 242 242
i2
-242 -242 -242
i0
-409 -409 -409
i1
242 242 242
i2
-242 -242 -242
i0
-410 -410 -410
i1
241 241 241
i2
-241 -241 -241
i0
-411 -411 -411
i1
241 241 241
i2
-241 -241 -241
i0
-412 -412 -412
i1
240 240 240
i2
-240 -240 -240
i0
-413 -413 -413
i1
240 240 240
i2
-240 -240 -240
i0
-414 -414 -414
i1
239 239 239
i2
-239 -239 -239
i0
-415 -415 -415
i1
239 239 239
i2
-239 -239 -239
i0
-416 -416 -416
i1
238 238 238
i2
-238 -238 -238
i0
-417 -417 -417
i1
238 238 238
i2
-238 -238 -238
i0
-418 -418 -418
i1
237 237 237
i2
-237 -237 -237
i0
-419 -419 -419
i1
237 237 237
i2
-237 -237 -237
i0
-420 -420 -420
i1
236 236 236
i2
-236 -236 -236
i0
-421 -421 -421
i1
236 236 236
i2
-236 -236 -236
i0
-422 -422 -422
i1
235 235 235
i2
-235 -235 -235
i0
-423 -423 -423
i1
235 235 235
i2
-235 -235 -235
i0
-424 -424 -424
i1
235 235 235
i2
-235 -235 -235
i0
-425 -425 -425
i1
234 234 234
i2
-234 -234 -234
i0
-426 -426 -426
i1
234 234 234
i2
-234 -234 -234
i0
-427 -427 -427
i1
233 233 233
i2
-233 -233 -233
i0
-428 -428 -428
i1
233 233 233
i2
-233 -233 -233
i0
-429 -429 -429
i1
232 232 232
i2
-232 -232 -232
i0
-430 -430 -430
i1
232 232 232
i2
-232 -232 -232
i0
-431 -431 -431
i1
231 231 231
i2
-231 -231 -231
i0
-432 -432 -432
i1
231 231 231
i2
-231 -231 -231
i0
-433 -433 -433
i1
230 230 230
i2
-230 -230 -230
i0
-434 -434 -434
i1
230 230 230
i2
-230 -230 -230
i0
-435 -435 -435
i1
229 229 229
i2
-229 -229 -229
i0
-436 -436 -436
i1
229 229 229
i2
-229 -229 -229
i0
-437 -437 -437
i1
228 228 228
i2
-228 -228 -228
i0
-438 -438 -438
i1
228 228 228
i2
-228 -228 -228
i0
-439 -439 -439
i1
227 227 227
i2
-227 -227 -227
i0
-440 -440 -440
i1
227 227 227
i2
-227 -227 -227
i0
-441 -441 -441
i1
226 226 226
i2
-226 -226 -226
i0
-442 -442 -442
i1
226 226 226
i2
-226 -226 -226
i0
-443 -443 -443
i1
225 225 225
i2
-225 -225 -225
i0
-444 -444 -444
i1
225 225 225
i2
-225 -225 -225
i0
-445 -445 -445
i1
224 224 224
i2
-224 -224 -224
i0
-446 -446 -446
i1
224 224 224
i2
-224 -224 -224
i0
-447 -447 -447
i1
223 223 223
i2
-223 -223 -223
i0
-448 -448 -448
i1
223 223 223
i2
-223 -223 -223
i0
-449 -449 -449
i1
222 222 222
i2
-222 -222 -222
i0
-450 -450 -450
i1
222 222 222
i2
-222 -222 -222
i0
-451 -451 -451
i1
221 221 221
i2
-221 -221 -221
i0
-451 -451 -451
i1
220 220 220
i2
-220 -220 -220
i0
-452 -452 -452
i1
220 220 220
i2
-220 -220 -220
i0
-453 -453 -453
i1
219 219 219
i2
-219 -219 -219
i0
-454 -454 -454
i1
219 219 219
i2
-219 -219 -219
i0
-455 -455 -455
i1
218 218 218
i2
-218 -218 -218
i0
-456 -456 -456
i1
218 218 218
i2
-218 -218 -218
i0
-457 -457 -457
i1
217 217 217
i2
-217 -217 -217
i0
-458 -458 -458
i1
217 217 217
i2
-217 -217 -217
i0
-459 -459 -459
i1
216 216 216
i2
-216 -216 -216
i0
-460 -460 -460
i1
216 216 216
i2
-216 -216 -216
i0
-461 -461 -461
i1
215 215 215
i2
-215 -215 -215
i0
-462 -462 -462
i1
215 215 215
i2
-215 -215 -215
i0
-463 -463 -463
i1
214 214 214
i2
-214 -214 -214
i0
-464 -464 -464
i1
214 214 214
i2
-214 -214 -214
i0
-464 -464 -464
i1
213 213 213
i2
-213 -213 -213
i0
-465 -465 -465
i1
213 213 213
i2
-213 -213 -213
i0
-466 -466 -466
i1
212 212 212
i2
-212 -212 -212
i0
-467 -467 -467
i1
212 212 212
i2
-212 -212 -212
i0
-468 -468 -468
i1
211 211 211
i2
-211 -211 -211
i0
-469 -469 -469
i1
211 211 211
i2
-211 -211 -211
i0
-470 -470 -470
i1
210 210 210
i2
-210 -210 -210
i0
-471 -471 -471
i1
209 209 209
i2
-209 -209 -209
i0
-472 -472 -472
i1
209 209 209
i2
-209 -209 -209
i0
-473 -473 -473
i1
208 208 208
i2
-208 -208 -208
i0
-473 -473 -473
i1
208 208 208
i2
-208 -208 -208
i0
-474 -474 -474
i1
207 207 207
i2
-207 -207 -207
i0
-475 -475 -475
i1
207 207 207
i2
-207 -207 -207
i0
-476 -476 -476
i1
206 206 206
i2
-206 -206 -206
i0
-477 -477 -477
i1
206 206 206
i2
-206 -206 -206
i0
-478 -478 -478
i1
205 205 205
i2
-205 -205 -205
i0
-479 -479 -479
i1
205 205 205
i2
-205 -205 -205
i0
-480 -480 -480
i1
204 204 204
i2
-204 -204 -204
i0
-481 -481 -481
i1
203 203 203
i2
-203 -203 -203
i0
-481 -481 -481
i1
203 203 203
i2
-203 -203 -203
i0
-482 -482 -482
i1
202 202 202
i2
-202 -202 -202
i0
-483 -483 -483
i1
202 202 202
i2
-202 -202 -202
i0
-484 -484 -484
i1
201 201 201
i2
-201 -201 -201
i0
-485 -485 -485
i1
201 201 201
i2
-201 -201 -201
i0
-486 -486 -486
i1
200 200 200
i2
-200 -200 -200
i0
-487 -487 -487
i1
200 200 200
i2
-200 -200 -200
i0
-487 -487 -487
i1
199 199 199
i2
-199 -199 -199
i0
-488 -488 -488
i1
199 199 199
i2
-199 -199 -199
i0
-489 -489 -489
i1
198 198 198
i2
-198 -198 -198
i0
-490 -490 -490
i1
197 197 197
i2
-197 -197 -197
i0
-491 -491 -491
i1
197 197 197
i2
-197 -197 -197
i0
-492 -492 -492
i1
196 196 196
i2
-196 -196 -196
i0
-493 -493 -493
i1
196 196 196
i2
-196 -196 -196
i0
-494 -494 -494
i1
195 195 195
i2
-195 -195 -195
i0
-494 -494 -494
i1
195 195 195
i2
-195 -195 -195
i0
-495 -495 -495
i1
194 194 194
i2
-194 -194 -194
i0
-496 -496 -496
i1
193 193 193
i2
-193 -193 -193
i0
-497 -497 -497
i1
193 193 193
i2
-193 -193 -193
i0
-498 -498 -498
i1
192 192 192
i2
-192 -192 -192
i0
-499 -499 -499
i1
192 192 192
i2
-192 -192 -192
i0
-499 -499 -499
i1
191 191 191
i2
-191 -191 -191
i0
-500 -500 -500
i1
191 191 191
i2
-191 -191 -191
i0
-501 -501 -501
i1
190 190 190
i2
-190 -190 -190
i0
-502 -502 -502
i1
189 189 189
i2
-189 -189 -189
i0
-503 -503 -503
i1
189 189 189
i2
-189 -189 -189
i0
-504 -504 -504
i1
188 188 188
i2
-188 -188 -188
i0
-505 -505 -505
i1
188 188 188
i2
-188 -188 -188
i0
-505 -505 -505
i1
187 187 187
i2
-187 -187 -187
i0
-506 -506 -506
i1
187 187 187
i2
-187 -187 -187
i0
-507 -507 -507
i1
186 186 186
i2
-186 -186 -186
i0
-508 -508 -508
i1
185 185 185
i2
-185 -185 -185
i0
-509 -509 -509
i1
185 185 185
i2
-185 -185 -185
i0
-510 -510 -510
i1
184 184 184
i2
-184 -184 -184
i0
-510 -510 -510
i1
184 184 184
i2
-184 -184 -184
i0
-511 -511 -511
i1
183 183 183
i2
-183 -183 -183
i0
-512 -512 -512
i1
182 182 182
i2
-182 -182 -182
i0
-513 -513 -513
i1
182 182 182
i2
-182 -182 -182
i0
-514 -514 -514
i1
181 181 181
i2
-181 -181 -181
i0
-514 -514 -514
i1
181 181 181
i2
-181 -181 -181
i0
-515 -515 -515
i1
180 180 180
i2
-180 -180 -180
i0
-516 -516 -516
i1
179 179 179
i2
-179 -179 -179
i0
-517 -517 -517
i1
179 179 179
i2
-179 -179 -179
i0
-518 -518 -518
i1
178 178 178
i2
-178 -178 -178
i0
-519 -519 -519
i1
178 178 178
i2
-178 -178 -178
i0
-519 -519 -519
i1
177 177 177
i2
-177 -177 -177
i0
-520 -520 -520
i1
176 176 176
i2
-176 -176 -176
i0
-521 -521 -521
i1
176 176 176
i2
-176 -176 -176
i0
-522 -522 -522
i1
175 175 175
i2
-175 -175 -175
i0
-523 -523 -523
i1
175 175 175
i2
-175 -175 -175
i0
-523 -523 -523
i1
174 174 174
i2
-174 -174 -174
i0
-524 -524 -524
i1
173 173 173
i2
-173 -173 -173
i0
-525 -525 -525
i1
173 173 173
i2
-173 -173 -173
i0
-526 -526 -526
i1
172 172 172
i2
-172 -172 -172
i0
-527 -527 -527
i1
172 172 172
i2
-172 -172 -172
i0
-527 -527 -527
i1
171 171 171
i2
-171 -171 -171
i0
-528 -528 -528
i1
170 170 170
i2
-170 -170 -170
i0
-529 -529 -529
i1
170 170 170
i2
-170 -170 -170
i0
-530 -530 -530
i1
169 169 169
i2
-169 -169 -169
i0
-531 -531 -531
i1
169 169 169
i2
-169 -169 -169
i0
-531 -531 -531
i1
168 168 168
i2
-168 -168 -168
i0
-532 -532 -532
i1
167 167 167
i2
-167 -167 -167
i0
-533 -533 -533
i1
167 167 167
i2
-167 -167 -167
i0
-534 -534 -534
i1
166 166 166
i2
-166 -166 -166
i0
-535 -535 -535
i1
165 165 165
i2
-165 -165 -165
i0
-535 -535 -535
i1
165 165 165
i2
-165 -165 -165
i0
-536 -536 -536
i1
164 164 164
i2
-164 -164 -164
i0
-537 -537 -537
i1
164 164 164
i2
-164 -164 -164
i0
-538 -538 -538
i1
163 163 163
i2
-163 -163 -163
i0
-539 -539 -539
i1
162 162 162
i2
-162 -162 -162
i0
-539 -539 -539
i1
162 162 162
i2
-162 -162 -162
i0
-540 -540 -540
i1
161 161 161
i2
-161 -161 -161
i0
-541 -541 -541
i1
160 160 160
i2
-160 -160 -160
i0
-542 -542 -542
i1
160 160 160
i2
-160 -160 -160
i0
-542 -542 -542
i1
159 159 159
i2
-159 -159 -159
i0
-543 -543 -543
i1
158 158 158
i2
-158 -158 -158
i0
-544 -544 -544
i1
158 158 158
i2
-158 -158 -158
i0
-545 -545 -545
i1
157 157 157
i2
-157 -157 -157
i0
-546 -546 -546
i1
156 156 156
i2
-156 -156 -156
i0
-546 -546 -546
i1
156 156 156
i2
-156 -156 -156
i0
-547 -547 -547
i1
155 155 155
i2
-155 -155 -155
i0
-548 -548 -548
i1
155 155 155
i2
-155 -155 -155
i0
-549 -549 -549
i1
154 154 154
i2
-154 -154 -154
i0
-549 -549 -549
i1
153 153 153
i2
-153 -153 -153
i0
-550 -550 -550
i1
153 153 153
i2
-153 -153 -153
i0
-551 -551 -551
i1
152 152 152
i2
-152 -152 -152
i0
-552 -552 -552
i1
151 151 151
i2
-151 -151 -151
i0
-552 -552 -552
i1
151 151 151
i2
-151 -151 -151
i0
-553 -553 -553
i1
150 150 150
i2
-150 -150 -150
i0
-554 -554 -554
i1
149 149 149
i2
-149 -149 -149
i0
-555 -555 -555
i1
149 149 149
i2
-149 -149 -149
i0
-556 -556 -556
i1
148 148 148
i2
-148 -148 -148
i0
-556 -556 -556
i1
147 147 147
i2
-147 -147 -147
i0
-557 -557 -557
i1
147 147 147
i2
-147 -147 -147
i0
-558 -558 -558
i1
146 146 146
i2
-146 -146 -146
i0
-559 -559 -559
i1
145 145 145
i2
-145 -145 -145
i0
-559 -559 -559
i1
145 145 145
i2
-145 -145 -145
i0
-560 -560 -560
i1
144 144 144
i2
-144 -144 -144
i0
-561 -561 -561
i1
143 143 143
i2
-143 -143 -143
i0
-562 -562 -562
i1
143 143 143
i2
-143 -143 -143
i0
-562 -562 -562
i1
142 142 142
i2
-142 -142 -142
i0
-563 -563 -563
i1
141 141 141
i2
-141 -141 -141
i0
-564 -564 -564
i1
141 141 141
i2
-141 -141 -141
i0
-565 -565 -565
i1
140 140 140
i2
-140 -140 -140
i0
-565 -565 -565
i1
139 139 139
i2
-139 -139 -139
i0
-566 -566 -566
i1
138 138 138
i2
-138 -138 -138
i0
-567 -567 -567
i1
138 138 138
i2
-138 -138 -138
i0
-568 -568 -568
i1
137 137 137
i2
-137 -137 -137
i0
-568 -568 -568
i1
136 136 136
i2
-136 -136 -136
i0
-569 -569 -569
i1
136 136 136
i2
-136 -136 -136
i0
-570 -570 -570
i1
135 135 135
i2
-135 -135 -135
i0
-570 -570 -570
i1
134 134 134
i2
-134 -134 -134
i0
-571 -571 -571
i1
134 134 134
i2
-134 -134 -134
i0
-572 -572 -572
i1
133 133 133
i2
-133 -133 -133
i0
-573 -573 -573
i1
132 132 132
i2
-132 -132 -132
i0
-573 -573 -573
i1
132 132 132
i2
-132 -132 -132
i0
-574 -574 -574
i1
131 131 131
i2
-131 -131 -131
i0
-575 -575 -575
i1
130 130 130
i2
-130 -130 -130
i0
-576 -576 -576
i1
129 129 129
i2
-129 -129 -129
i0
-576 -576 -576
i1
129 129 129
i2
-129 -129 -129
i0
-577 -577 -577
i1
128 128 128
i2
-128 -128 -128
i0
-578 -578 -578
i1
127 127 127
i2
-127 -127 -127
i0
-579 -579 -579
i1
127 127 127
i2
-127 -127 -127
i0
-579 -579 -579
i1
126 126 126
i2
-126 -126 -126
i0
-580 -580 -580
i1
125 125 125
i2
-125 -125 -125
i0
-581 -581 -581
i1
124 124 124
i2
-124 -124 -124
i0
-581 -581 -581
i1
124 124 124
i2
-124 -124 -124
i0
-582 -582 -582
i1
123 123 123
i2
-123 -123 -123
i0
-583 -583 -583
i1
122 122 122
i2
-122 -122 -122
i0
-584 -584 -584
i1
122 122 122
i2
-122 -122 -122
i0
-584 -584 -584
i1
121 121 121
i2
-121 -121 -121
i0
-585 -585 -585
i1
120 120 120
i2
-120 -120 -120
i0
-586 -586 -586
i1
119 119 119
i2
-119 -119 -119
i0
-586 -586 -586
i1
119 119 119
i2
-119 -119 -119
i0
-587 -587 -587
i1
118 118 118
i2
-118 -118 -118
i0
-588 -588 -588
i1
117 117 117
i2
-117 -117 -117
i0
-589 -589 -589
i1
116 116 116
i2
-116 -116 -116
i0
-589 -589 -589
i1
116 116 116
i2
-116 -116 -116
i0
-590 -590 -590
i1
115 115 115
i2
-115 -115 -115
i0
-591 -591 -591
i1
114 114 114
i2
-114 -114 -114
i0
-591 -591 -591
i1
113 113 113
i2
-113 -113 -113
i0
-592 -592 -592
i1
113 113 113
i2
-113 -113 -113
i0
-593 -593 -593
i1
112 112 112
i2
-112 -112 -112
i0
-594 -594 -594
i1
111 111 111
i2
-111 -111 -111
i0
-594 -594 -594
i1
110 110 110
i2
-110 -110 -110
i0
-595 -595 -595
i1
110 110 110
i2
-110 -110 -110
i0
-596 -596 -596
i1
109 109 109
i2
-109 -109 -109
i0
-596 -596 -596
i1
108 108 108
i2
-108 -108 -108
i0
-597 -597 -597
i1
107 107 107
i2
-107 -107 -107
i0
-598 -598 -598
i1
107 107 107
i2
-107 -107 -107
i0
-598 -598 -598
i1
106 106 106
i2
-106 -106 -106
i0
-599 -599 -599
i1
105 105 105
i2
-105 -105 -105
i0
-600 -600 -600
i1
104 104 104
i2
-104 -104 -104
i0
-601 -601 -601
i1
103 103 103
i2
-103 -103 -103
i0
-601 -601 -601
i1
103 103 103
i2
-103 -103 -103
i0
-602 -602 -602
i1
102 102 102
i2
-102 -102 -102
i0
-603 -603 -603
i1
101 101 101
i2
-101 -101 -101
i0
-603 -603 -603
i1
100 100 100
i2
-100 -100 -100
i0
-604 -604 -604
i1
100 100 100
i2
-100 -100 -100
i0
-605 -605 -605
i1
99 99 99
i2
-99 -99 -99
i0
-605 -605 -605
i1
98 98 98
i2
-98 -98 -98
i0
-606 -606 -606
i1
97 97 97
i2
-97 -97 -97
i0
-607 -607 -607
i1
96 96 96
i2
-96 -96 -96
i0
-607 -607 -607
i1
96 96 96
i2
-96 -96 -96
i0
-608 -608 -608
i1
95 95 95
i2
-95 -95 -95
i0
-609 -609 -609
i1
94 94 94
i2
-94 -94 -94
i0
-610 -610 -610
i1
93 93 93
i2
-93 -93 -93
i0
-610 -610 -610
i1
92 92 92
i2
-92 -92 -92
i0
-611 -611 -611
i1
92 92 92
i2
-92 -92 -92
i0
-612 -612 -612
i1
91 91 91
i2
-91 -91 -91
i0
-612 -612 -612
i1
90 90 90
i2
-90 -90 -90
i0
-613 -613 -613
i1
89 89 89
i2
-89 -89 -89
i0
-614 -614 -614
i1
88 88 88
i2
-88 -88 -88
i0
-614 -614 -614
i1
88 88 88
i2
-88 -88 -88
i0
-615 -615 -615
i1
87 87 87
i2
-87 -87 -87
i0
-616 -616 -616
i1
86 86 86
i2
-86 -86 -86
i0
-616 -616 -616
i1
85 85 85
i2
-85 -85 -85
i0
-617 -617 -617
i1
84 84 84
i2
-84 -84 -84
i0
-618 -618 -618
i1
83 83 83
i2
-83 -83 -83
i0
-618 -618 -618
i1
83 83 83
i2
-83 -83 -83
i0
-619 -619 -619
i1
82 82 82
i2
-82 -82 -82
i0
-620 -620 -620
i1
81 81 81
i2
-81 -81 -81
i0
-620 -620 -620
i1
80 80 80
i2
-80 -80 -80
i0
-621 -621 -621
i1
79 79 79
i2
-79 -79 -79
i0
-622 -622 -622
i1
78 78 78
i2
-78 -78 -78
i0
-622 -622 -622
i1
77 77 77
i2
-77 -77 -77
i0
-623 -623 -623
i1
77 77 77
i2
-77 -77 -77
i0
-624 -624 -624
i1
76 76 76
i2
-76 -76 -76
i0
-624 -624 -624
i1
75 75 75
i2
-75 -75 -75
i0
-625 -625 -625
i1
74 74 74
i2
-74 -74 -74
i0
-626 -626 -626
i1
73 73 73
i2
-73 -73 -73
i0
-626 -626 -626
i1
72 72 72
i2
-72 -72 -72
i0
-627 -627 -627
i1
71 71 71
i2
-71 -71 -71
i0
-628 -628 -628
i1
71 71 71
i2
-71 -71 -71
i0
-628 -628 -628
i1
70 70 70
i2
-70 -70 -70
i0
-629 -629 -629
i1
69 69 69
i2
-69 -69 -69
i0
-630 -630 -630
i1
68 68 68
i2
-68 -68 -68
i0
-630 -630 -630
i1
67 67 67
i2
-67 -67 -67
