i0
425 400 400
i1
400 425 400
i2
400 400 425
i0
424 400 401
i1
401 424 400
i2
400 401 424
i0
423 400 402
i1
402 423 400
i2
400 402 423
i0
421 400 403
i1
403 421 400
i2
400 403 421
i0
419 400 405
i1
405 419 400
i2
400 405 419
i0
416 401 408
i1
408 416 401
i2
401 408 416
i0
413 401 411
i1
411 413 401
i2
401 411 413
i0
408 403 414
i1
414 408 403
i2
403 414 408
i0
403 406 416
i1
416 403 406
i2
406 416 403
i0
397 410 418
i1
418 397 410
i2
410 418 397
i0
393 413 419
i1
419 393 413
i2
413 419 393
i0
388 417 419
i1
419 388 417
i2
417 419 388
i0
384 422 419
i1
419 384 422
i2
422 419 384
i0
381 426 419
i1
419 381 426
i2
426 419 381
i0
377 430 418
i1
418 377 430
i2
430 418 377
i0
374 433 418
i1
418 374 433
i2
433 418 374
i0
371 437 417
i1
417 371 437
i2
437 417 371
i0
368 441 416
i1
416 368 441
i2
441 416 368
i0
366 445 415
i1
415 366 445
i2
445 415 366
i0
363 449 413
i1
413 363 449
i2
449 413 363
i0
361 452 412
i1
412 361 452
i2
452 412 361
i0
359 456 410
i1
410 359 456
i2
456 410 359
i0
357 459 409
i1
409 357 459
i2
459 409 357
i0
355 463 407
i1
407 355 463
i2
463 407 355
i0
353 466 406
i1
406 353 466
i2
466 406 353
i0
352 469 404
i1
404 352 469
i2
469 404 352
i0
350 472 402
i1
402 350 472
i2
472 402 350
i0
349 476 400
i1
400 349 476
i2
476 400 349
i0
348 479 399
i1
399 348 479
i2
479 399 348
i0
347 482 397
i1
397 347 482
i2
482 397 347
i0
346 485 395
i1
395 346 485
i2
485 395 346
i0
345 487 393
i1
393 345 487
i2
487 393 345
i0
344 490 391
i1
391 344 490
i2
490 391 344
i0
343 493 389
i1
389 343 493
i2
493 389 343
i0
342 496 387
i1
387 342 496
i2
496 387 342
i0
342 498 385
i1
385 342 498
i2
498 385 342
i0
341 501 383
i1
383 341 501
i2
501 383 341
i0
341 503 381
i1
381 341 503
i2
503 381 341
i0
341 506 378
i1
378 341 506
i2
506 378 341
i0
341 508 376
i1
376 341 508
i2
508 376 341
i0
340 511 374
i1
374 340 511
i2
511 374 340
i0
340 513 372
i1
372 340 513
i2
513 372 340
i0
340 515 370
i1
370 340 515
i2
515 370 340
i0
340 517 367
i1
367 340 517
i2
517 367 340
i0
340 519 365
i1
365 340 519
i2
519 365 340
i0
341 521 363
i1
363 341 521
i2
521 363 341
i0
341 523 361
i1
361 341 523
i2
523 361 341
i0
341 525 359
i1
359 341 525
i2
525 359 341
i0
342 527 356
i1
356 342 527
i2
527 356 342
i0
342 529 354
i1
354 342 529
i2
529 354 342
i0
343 531 352
i1
352 343 531
i2
531 352 343
i0
343 532 349
i1
349 343 532
i2
532 349 343
i0
344 534 347
i1
347 344 534
i2
534 347 344
i0
344 536 345
i1
345 344 536
i2
536 345 344
i0
345 537 343
i1
343 345 537
i2
537 343 345
i0
346 539 340
i1
340 346 539
i2
539 340 346
i0
347 540 338
i1
338 347 540
i2
540 338 347
i0
348 541 336
i1
336 348 541
i2
541 336 348
i0
349 543 334
i1
334 349 543
i2
543 334 349
i0
350 544 331
i1
331 350 544
i2
544 331 350
i0
351 545 329
i1
329 351 545
i2
545 329 351
i0
352 546 327
i1
327 352 546
i2
546 327 352
i0
353 548 325
i1
325 353 548
i2
548 325 353
i0
354 549 322
i1
322 354 549
i2
549 322 354
i0
355 550 320
i1
320 355 550
i2
550 320 355
i0
356 551 318
i1
318 356 551
i2
551 318 356
i0
358 551 316
i1
316 358 551
i2
551 316 358
i0
359 552 314
i1
314 359 552
i2
552 314 359
i0
361 553 311
i1
311 361 553
i2
553 311 361
i0
362 554 309
i1
309 362 554
i2
554 309 362
i0
364 554 307
i1
307 364 554
i2
554 307 364
i0
365 555 305
i1
305 365 555
i2
555 305 365
i0
367 556 303
i1
303 367 556
i2
556 303 367
i0
368 556 301
i1
301 368 556
i2
556 301 368
i0
370 557 298
i1
298 370 557
i2
557 298 370
i0
371 557 296
i1
296 371 557
i2
557 296 371
i0
373 557 294
i1
294 373 557
i2
557 294 373
i0
375 558 292
i1
292 375 558
i2
558 292 375
i0
377 558 290
i1
290 377 558
i2
558 290 377
i0
379 558 288
i1
288 379 558
i2
558 288 379
i0
380 558 286
i1
286 380 558
i2
558 286 380
i0
382 559 284
i1
284 382 559
i2
559 284 382
i0
384 559 282
i1
282 384 559
i2
559 282 384
i0
386 559 280
i1
280 386 559
i2
559 280 386
i0
388 559 278
i1
278 388 559
i2
559 278 388
i0
390 559 276
i1
276 390 559
i2
559 276 390
i0
392 559 274
i1
274 392 559
i2
559 274 392
i0
394 558 272
i1
272 394 558
i2
558 272 394
i0
396 558 271
i1
271 396 558
i2
558 271 396
i0
398 558 269
i1
269 398 558
i2
558 269 398
i0
401 558 267
i1
267 401 558
i2
558 267 401
i0
403 557 265
i1
265 403 557
i2
557 265 403
i0
405 557 263
i1
263 405 557
i2
557 263 405
i0
407 556 262
i1
262 407 556
i2
556 262 407
i0
409 556 260
i1
260 409 556
i2
556 260 409
i0
412 555 258
i1
258 412 555
i2
555 258 412
i0
414 555 256
i1
256 414 555
i2
555 256 414
i0
416 554 255
i1
255 416 554
i2
554 255 416
i0
419 553 253
i1
253 419 553
i2
553 253 419
i0
421 553 251
i1
251 421 553
i2
553 251 421
i0
423 552 250
i1
250 423 552
i2
552 250 423
i0
426 551 248
i1
248 426 551
i2
551 248 426
i0
428 550 247
i1
247 428 550
i2
550 247 428
i0
431 549 245
i1
245 431 549
i2
549 245 431
i0
433 548 244
i1
244 433 548
i2
548 244 433
i0
436 547 242
i1
242 436 547
i2
547 242 436
i0
438 546 241
i1
241 438 546
i2
546 241 438
i0
440 545 240
i1
240 440 545
i2
545 240 440
i0
443 544 238
i1
238 443 544
i2
544 238 443
i0
446 543 237
i1
237 446 543
i2
543 237 446
i0
448 541 236
i1
236 448 541
i2
541 236 448
i0
451 540 234
i1
234 451 540
i2
540 234 451
i0
453 539 233
i1
233 453 539
i2
539 233 453
i0
456 537 232
i1
232 456 537
i2
537 232 456
i0
458 536 231
i1
231 458 536
i2
536 231 458
i0
461 534 230
i1
230 461 534
i2
534 230 461
i0
464 533 228
i1
228 464 533
i2
533 228 464
i0
466 531 227
i1
227 466 531
i2
531 227 466
i0
469 530 226
i1
226 469 530
i2
530 226 469
i0
472 528 225
i1
225 472 528
i2
528 225 472
i0
474 527 224
i1
224 474 527
i2
527 224 474
i0
477 525 223
i1
223 477 525
i2
525 223 477
i0
479 523 222
i1
222 479 523
i2
523 222 479
i0
482 521 221
i1
221 482 521
i2
521 221 482
i0
485 520 221
i1
221 485 520
i2
520 221 485
i0
488 518 220
i1
220 488 518
i2
518 220 488
i0
490 516 219
i1
219 490 516
i2
516 219 490
i0
493 514 218
i1
218 493 514
i2
514 218 493
i0
496 512 218
i1
218 496 512
i2
512 218 496
i0
498 510 217
i1
217 498 510
i2
510 217 498
i0
501 508 216
i1
216 501 508
i2
508 216 501
i0
504 506 216
i1
216 504 506
i2
506 216 504
i0
506 504 215
i1
215 506 504
i2
504 215 506
i0
509 501 215
i1
215 509 501
i2
501 215 509
i0
512 499 214
i1
214 512 499
i2
499 214 512
i0
514 497 214
i1
214 514 497
i2
497 214 514
i0
517 495 213
i1
213 517 495
i2
495 213 517
i0
520 492 213
i1
213 520 492
i2
492 213 520
i0
522 490 213
i1
213 522 490
i2
490 213 522
i0
525 488 212
i1
212 525 488
i2
488 212 525
i0
528 485 212
i1
212 528 485
i2
485 212 528
i0
530 483 212
i1
212 530 483
i2
483 212 530
i0
533 480 212
i1
212 533 480
i2
480 212 533
i0
536 478 211
i1
211 536 478
i2
478 211 536
i0
538 475 211
i1
211 538 475
i2
475 211 538
i0
541 473 211
i1
211 541 473
i2
473 211 541
i0
544 470 211
i1
211 544 470
i2
470 211 544
i0
546 468 211
i1
211 546 468
i2
468 211 546
i0
549 465 211
i1
211 549 465
i2
465 211 549
i0
552 462 211
i1
211 552 462
i2
462 211 552
i0
554 459 211
i1
211 554 459
i2
459 211 554
i0
557 457 211
i1
211 557 457
i2
457 211 557
i0
559 454 212
i1
212 559 454
i2
454 212 559
i0
562 451 212
i1
212 562 451
i2
451 212 562
i0
564 448 212
i1
212 564 448
i2
448 212 564
i0
567 446 212
i1
212 567 446
i2
446 212 567
i0
570 443 213
i1
213 570 443
i2
443 213 570
i0
572 440 213
i1
213 572 440
i2
440 213 572
i0
575 437 214
i1
214 575 437
i2
437 214 575
i0
577 434 214
i1
214 577 434
i2
434 214 577
i0
579 431 215
i1
215 579 431
i2
431 215 579
i0
582 428 215
i1
215 582 428
i2
428 215 582
i0
584 425 216
i1
216 584 425
i2
425 216 584
i0
587 422 216
i1
216 587 422
i2
422 216 587
i0
589 419 217
i1
217 589 419
i2
419 217 589
i0
592 416 218
i1
218 592 416
i2
416 218 592
i0
594 413 218
i1
218 594 413
i2
413 218 594
i0
596 410 219
i1
219 596 410
i2
410 219 596
i0
599 406 220
i1
220 599 406
i2
406 220 599
i0
601 403 221
i1
221 601 403
i2
403 221 601
i0
603 400 222
i1
222 603 400
i2
400 222 603
i0
606 397 223
i1
223 606 397
i2
397 223 606
i0
608 394 223
i1
223 608 394
i2
394 223 608
i0
610 391 224
i1
224 610 391
i2
391 224 610
i0
612 387 225
i1
225 612 387
i2
387 225 612
i0
614 384 227
i1
227 614 384
i2
384 227 614
i0
617 381 228
i1
228 617 381
i2
381 228 617
i0
619 378 229
i1
229 619 378
i2
378 229 619
i0
621 374 230
i1
230 621 374
i2
374 230 621
i0
623 371 231
i1
231 623 371
i2
371 231 623
i0
625 368 232
i1
232 625 368
i2
368 232 625
i0
627 364 234
i1
234 627 364
i2
364 234 627
i0
629 361 235
i1
235 629 361
i2
361 235 629
i0
631 358 236
i1
236 631 358
i2
358 236 631
i0
633 354 238
i1
238 633 354
i2
354 238 633
i0
635 351 239
i1
239 635 351
i2
351 239 635
i0
637 348 240
i1
240 637 348
i2
348 240 637
i0
639 344 242
i1
242 639 344
i2
344 242 639
i0
641 341 243
i1
243 641 341
i2
341 243 641
i0
643 337 245
i1
245 643 337
i2
337 245 643
i0
645 334 246
i1
246 645 334
i2
334 246 645
i0
646 330 248
i1
248 646 330
i2
330 248 646
i0
648 327 250
i1
250 648 327
i2
327 250 648
i0
650 324 251
i1
251 650 324
i2
324 251 650
i0
652 320 253
i1
253 652 320
i2
320 253 652
i0
653 317 255
i1
255 653 317
i2
317 255 653
i0
655 313 257
i1
257 655 313
i2
313 257 655
i0
657 310 258
i1
258 657 310
i2
310 258 657
i0
658 306 260
i1
260 658 306
i2
306 260 658
i0
660 303 262
i1
262 660 303
i2
303 262 660
i0
662 299 264
i1
264 662 299
i2
299 264 662
i0
663 296 266
i1
266 663 296
i2
296 266 663
i0
665 293 268
i1
268 665 293
i2
293 268 665
i0
666 289 270
i1
270 666 289
i2
289 270 666
i0
668 286 272
i1
272 668 286
i2
286 272 668
i0
669 282 274
i1
274 669 282
i2
282 274 669
i0
671 279 276
i1
276 671 279
i2
279 276 671
i0
672 275 278
i1
278 672 275
i2
275 278 672
i0
673 272 280
i1
280 673 272
i2
272 280 673
i0
675 268 282
i1
282 675 268
i2
268 282 675
i0
676 265 284
i1
284 676 265
i2
265 284 676
i0
677 261 286
i1
286 677 261
i2
261 286 677
i0
679 258 288
i1
288 679 258
i2
258 288 679
i0
680 254 291
i1
291 680 254
i2
254 291 680
i0
681 251 293
i1
293 681 251
i2
251 293 681
i0
682 247 295
i1
295 682 247
i2
247 295 682
i0
684 244 297
i1
297 684 244
i2
244 297 684
i0
685 241 300
i1
300 685 241
i2
241 300 685
i0
686 237 302
i1
302 686 237
i2
237 302 686
i0
687 234 304
i1
304 687 234
i2
234 304 687
i0
688 230 307
i1
307 688 230
i2
230 307 688
i0
689 227 309
i1
309 689 227
i2
227 309 689
i0
690 223 312
i1
312 690 223
i2
223 312 690
i0
691 220 314
i1
314 691 220
i2
220 314 691
i0
692 217 317
i1
317 692 217
i2
217 317 692
i0
693 213 319
i1
319 693 213
i2
213 319 693
i0
694 210 322
i1
322 694 210
i2
210 322 694
i0
695 206 324
i1
324 695 206
i2
206 324 695
i0
695 203 327
i1
327 695 203
i2
203 327 695
i0
696 200 329
i1
329 696 200
i2
200 329 696
i0
697 196 332
i1
332 697 196
i2
196 332 697
i0
698 193 334
i1
334 698 193
i2
193 334 698
i0
699 189 337
i1
337 699 189
i2
189 337 699
i0
699 186 340
i1
340 699 186
i2
186 340 699
i0
700 183 342
i1
342 700 183
i2
183 342 700
i0
701 179 345
i1
345 701 179
i2
179 345 701
i0
701 176 348
i1
348 701 176
i2
176 348 701
i0
702 173 350
i1
350 702 173
i2
173 350 702
i0
702 169 353
i1
353 702 169
i2
169 353 702
i0
703 166 356
i1
356 703 166
i2
166 356 703
i0
704 163 359
i1
359 704 163
i2
163 359 704
i0
704 159 362
i1
362 704 159
i2
159 362 704
i0
705 156 364
i1
364 705 156
i2
156 364 705
i0
705 153 367
i1
367 705 153
i2
153 367 705
i0
705 150 370
i1
370 705 150
i2
150 370 705
i0
706 146 373
i1
373 706 146
i2
146 373 706
i0
706 143 376
i1
376 706 143
i2
143 376 706
i0
707 140 379
i1
379 707 140
i2
140 379 707
i0
707 137 381
i1
381 707 137
i2
137 381 707
i0
707 133 384
i1
384 707 133
i2
133 384 707
i0
708 130 387
i1
387 708 130
i2
130 387 708
i0
708 127 390
i1
390 708 127
i2
127 390 708
i0
708 124 393
i1
393 708 124
i2
124 393 708
i0
708 121 396
i1
396 708 121
i2
121 396 708
i0
708 117 399
i1
399 708 117
i2
117 399 708
i0
709 114 402
i1
402 709 114
i2
114 402 709
i0
709 111 405
i1
405 709 111
i2
111 405 709
i0
709 108 408
i1
408 709 108
i2
108 408 709
i0
709 105 411
i1
411 709 105
i2
105 411 709
i0
709 102 414
i1
414 709 102
i2
102 414 709
i0
709 99 417
i1
417 709 99
i2
99 417 709
i0
709 96 420
i1
420 709 96
i2
96 420 709
i0
709 93 423
i1
423 709 93
i2
93 423 709
i0
709 90 426
i1
426 709 90
i2
90 426 709
i0
709 87 429
i1
429 709 87
i2
87 429 709
i0
709 84 433
i1
433 709 84
i2
84 433 709
i0
709 80 436
i1
436 709 80
i2
80 436 709
i0
709 77 439
i1
439 709 77
i2
77 439 709
i0
709 74 442
i1
442 709 74
i2
74 442 709
i0
709 72 445
i1
445 709 72
i2
72 445 709
i0
708 69 448
i1
448 708 69
i2
69 448 708
i0
708 66 451
i1
451 708 66
i2
66 451 708
i0
708 63 454
i1
454 708 63
i2
63 454 708
i0
708 60 458
i1
458 708 60
i2
60 458 708
i0
707 57 461
i1
461 707 57
i2
57 461 707
i0
707 54 464
i1
464 707 54
i2
54 464 707
i0
707 51 467
i1
467 707 51
i2
51 467 707
i0
707 48 470
i1
470 707 48
i2
48 470 707
i0
706 45 474
i1
474 706 45
i2
45 474 706
i0
706 42 477
i1
477 706 42
i2
42 477 706
i0
705 40 480
i1
480 705 40
i2
40 480 705
i0
705 37 483
i1
483 705 37
i2
37 483 705
i0
705 34 486
i1
486 705 34
i2
34 486 705
i0
704 31 490
i1
490 704 31
i2
31 490 704
i0
704 28 493
i1
493 704 28
i2
28 493 704
i0
703 26 496
i1
496 703 26
i2
26 496 703
i0
703 23 499
i1
499 703 23
i2
23 499 703
i0
702 20 503
i1
503 702 20
i2
20 503 702
i0
702 17 506
i1
506 702 17
i2
17 506 702
i0
701 15 509
i1
509 701 15
i2
15 509 701
i0
700 12 513
i1
513 700 12
i2
12 513 700
i0
700 9 516
i1
516 700 9
i2
9 516 700
i0
699 7 519
i1
519 699 7
i2
7 519 699
i0
699 4 522
i1
522 699 4
i2
4 522 699
i0
698 1 526
i1
526 698 1
i2
1 526 698
i0
697 -1 529
i1
529 697 -1
i2
-1 529 697
i0
697 -4 532
i1
532 697 -4
i2
-4 532 697
i0
696 -6 536
i1
536 696 -6
i2
-6 536 696
i0
695 -9 539
i1
539 695 -9
i2
-9 539 695
i0
694 -12 542
i1
542 694 -12
i2
-12 542 694
i0
694 -14 546
i1
546 694 -14
i2
-14 546 694
i0
693 -17 549
i1
549 693 -17
i2
-17 549 693
i0
692 -19 552
i1
552 692 -19
i2
-19 552 692
i0
691 -22 556
i1
556 691 -22
i2
-22 556 691
i0
690 -24 559
i1
559 690 -24
i2
-24 559 690
i0
689 -27 562
i1
562 689 -27
i2
-27 562 689
i0
689 -29 566
i1
566 689 -29
i2
-29 566 689
i0
688 -32 569
i1
569 688 -32
i2
-32 569 688
i0
687 -34 572
i1
572 687 -34
i2
-34 572 687
i0
686 -37 576
i1
576 686 -37
i2
-37 576 686
i0
685 -39 579
i1
579 685 -39
i2
-39 579 685
i0
684 -41 582
i1
582 684 -41
i2
-41 582 684
i0
683 -44 586
i1
586 683 -44
i2
-44 586 683
i0
682 -46 589
i1
589 682 -46
i2
-46 589 682
i0
681 -49 593
i1
593 681 -49
i2
-49 593 681
i0
680 -51 596
i1
596 680 -51
i2
-51 596 680
i0
679 -53 599
i1
599 679 -53
i2
-53 599 679
i0
678 -56 603
i1
603 678 -56
i2
-56 603 678
i0
677 -58 606
i1
606 677 -58
i2
-58 606 677
i0
676 -60 609
i1
609 676 -60
i2
-60 609 676
i0
675 -62 613
i1
613 675 -62
i2
-62 613 675
i0
674 -65 616
i1
616 674 -65
i2
-65 616 674
i0
672 -67 620
i1
620 672 -67
i2
-67 620 672
i0
671 -69 623
i1
623 671 -69
i2
-69 623 671
i0
670 -71 626
i1
626 670 -71
i2
-71 626 670
i0
669 -74 630
i1
630 669 -74
i2
-74 630 669
i0
668 -76 633
i1
633 668 -76
i2
-76 633 668
i0
667 -78 636
i1
636 667 -78
i2
-78 636 667
i0
665 -80 640
i1
640 665 -80
i2
-80 640 665
i0
664 -82 643
i1
643 664 -82
i2
-82 643 664
i0
663 -84 647
i1
647 663 -84
i2
-84 647 663
i0
662 -87 650
i1
650 662 -87
i2
-87 650 662
i0
660 -89 653
i1
653 660 -89
i2
-89 653 660
i0
659 -91 657
i1
657 659 -91
i2
-91 657 659
i0
658 -93 660
i1
660 658 -93
i2
-93 660 658
i0
656 -95 664
i1
664 656 -95
i2
-95 664 656
i0
655 -97 667
i1
667 655 -97
i2
-97 667 655
i0
654 -99 670
i1
670 654 -99
i2
-99 670 654
i0
652 -101 674
i1
674 652 -101
i2
-101 674 652
i0
651 -103 677
i1
677 651 -103
i2
-103 677 651
i0
649 -105 680
i1
680 649 -105
i2
-105 680 649
i0
648 -107 684
i1
684 648 -107
i2
-107 684 648
i0
647 -109 687
i1
687 647 -109
i2
-109 687 647
i0
645 -111 691
i1
691 645 -111
i2
-111 691 645
i0
644 -113 694
i1
694 644 -113
i2
-113 694 644
i0
642 -115 697
i1
697 642 -115
i2
-115 697 642
i0
641 -117 701
i1
701 641 -117
i2
-117 701 641
i0
639 -119 704
i1
704 639 -119
i2
-119 704 639
i0
638 -120 708
i1
708 638 -120
i2
-120 708 638
i0
636 -122 711
i1
711 636 -122
i2
-122 711 636
i0
635 -124 714
i1
714 635 -124
i2
-124 714 635
i0
633 -126 718
i1
718 633 -126
i2
-126 718 633
i0
632 -128 721
i1
721 632 -128
i2
-128 721 632
i0
630 -130 724
i1
724 630 -130
i2
-130 724 630
i0
629 -131 728
i1
728 629 -131
i2
-131 728 629
i0
627 -133 731
i1
731 627 -133
i2
-133 731 627
i0
625 -135 734
i1
734 625 -135
i2
-135 734 625
i0
624 -137 738
i1
738 624 -137
i2
-137 738 624
i0
622 -138 741
i1
741 622 -138
i2
-138 741 622
i0
621 -140 745
i1
745 621 -140
i2
-140 745 621
i0
619 -142 748
i1
748 619 -142
i2
-142 748 619
i0
617 -144 751
i1
751 617 -144
i2
-144 751 617
i0
616 -145 755
i1
755 616 -145
i2
-145 755 616
i0
614 -147 758
i1
758 614 -147
i2
-147 758 614
i0
612 -149 761
i1
761 612 -149
i2
-149 761 612
i0
611 -150 765
i1
765 611 -150
i2
-150 765 611
i0
609 -152 768
i1
768 609 -152
i2
-152 768 609
i0
607 -154 771
i1
771 607 -154
i2
-154 771 607
i0
605 -155 775
i1
775 605 -155
i2
-155 775 605
i0
604 -157 778
i1
778 604 -157
i2
-157 778 604
i0
602 -158 781
i1
781 602 -158
i2
-158 781 602
i0
600 -160 785
i1
785 600 -160
i2
-160 785 600
i0
598 -161 788
i1
788 598 -161
i2
-161 788 598
i0
597 -163 791
i1
791 597 -163
i2
-163 791 597
i0
595 -165 795
i1
795 595 -165
i2
-165 795 595
i0
593 -166 798
i1
798 593 -166
i2
-166 798 593
i0
591 -168 801
i1
801 591 -168
i2
-168 801 591
i0
589 -169 805
i1
805 589 -169
i2
-169 805 589
i0
588 -171 808
i1
808 588 -171
i2
-171 808 588
i0
586 -172 811
i1
811 586 -172
i2
-172 811 586
i0
584 -173 815
i1
815 584 -173
i2
-173 815 584
i0
582 -175 818
i1
818 582 -175
i2
-175 818 582
i0
580 -176 821
i1
821 580 -176
i2
-176 821 580
i0
578 -178 825
i1
825 578 -178
i2
-178 825 578
i0
576 -179 828
i1
828 576 -179
i2
-179 828 576
i0
574 -181 831
i1
831 574 -181
i2
-181 831 574
i0
573 -182 834
i1
834 573 -182
i2
-182 834 573
i0
571 -183 838
i1
838 571 -183
i2
-183 838 571
i0
569 -185 841
i1
841 569 -185
i2
-185 841 569
i0
567 -186 844
i1
844 567 -186
i2
-186 844 567
i0
565 -187 848
i1
848 565 -187
i2
-187 848 565
i0
563 -189 851
i1
851 563 -189
i2
-189 851 563
i0
561 -190 854
i1
854 561 -190
i2
-190 854 561
i0
559 -191 857
i1
857 559 -191
i2
-191 857 559
i0
557 -192 861
i1
861 557 -192
i2
-192 861 557
i0
555 -194 864
i1
864 555 -194
i2
-194 864 555
i0
553 -195 867
i1
867 553 -195
i2
-195 867 553
i0
551 -196 870
i1
870 551 -196
i2
-196 870 551
i0
549 -197 874
i1
874 549 -197
i2
-197 874 549
i0
547 -199 877
i1
877 547 -199
i2
-199 877 547
i0
545 -200 880
i1
880 545 -200
i2
-200 880 545
i0
543 -201 883
i1
883 543 -201
i2
-201 883 543
i0
541 -202 887
i1
887 541 -202
i2
-202 887 541
i0
539 -203 890
i1
890 539 -203
i2
-203 890 539
i0
536 -205 893
i1
893 536 -205
i2
-205 893 536
i0
534 -206 896
i1
896 534 -206
i2
-206 896 534
i0
532 -207 900
i1
900 532 -207
i2
-207 900 532
i0
530 -208 903
i1
903 530 -208
i2
-208 903 530
i0
528 -209 906
i1
906 528 -209
i2
-209 906 528
i0
526 -210 909
i1
909 526 -210
i2
-210 909 526
i0
524 -211 912
i1
912 524 -211
i2
-211 912 524
i0
522 -212 916
i1
916 522 -212
i2
-212 916 522
i0
520 -213 919
i1
919 520 -213
i2
-213 919 520
i0
517 -214 922
i1
922 517 -214
i2
-214 922 517
i0
515 -215 925
i1
925 515 -215
i2
-215 925 515
i0
513 -216 928
i1
928 513 -216
i2
-216 928 513
i0
511 -217 931
i1
931 511 -217
i2
-217 931 511
i0
509 -218 935
i1
935 509 -218
i2
-218 935 509
i0
507 -219 938
i1
938 507 -219
i2
-219 938 507
i0
504 -220 941
i1
941 504 -220
i2
-220 941 504
i0
502 -221 944
i1
944 502 -221
i2
-221 944 502
i0
500 -222 947
i1
947 500 -222
i2
-222 947 500
i0
498 -223 950
i1
950 498 -223
i2
-223 950 498
i0
496 -224 954
i1
954 496 -224
i2
-224 954 496
i0
493 -225 957
i1
957 493 -225
i2
-225 957 493
i0
491 -226 960
i1
960 491 -226
i2
-226 960 491
i0
489 -227 963
i1
963 489 -227
i2
-227 963 489
i0
487 -228 966
i1
966 487 -228
i2
-228 966 487
i0
484 -229 969
i1
969 484 -229
i2
-229 969 484
i0
482 -229 972
i1
972 482 -229
i2
-229 972 482
i0
480 -230 975
i1
975 480 -230
i2
-230 975 480
i0
477 -231 979
i1
979 477 -231
i2
-231 979 477
i0
475 -232 982
i1
982 475 -232
i2
-232 982 475
i0
473 -233 985
i1
985 473 -233
i2
-233 985 473
i0
471 -233 988
i1
988 471 -233
i2
-233 988 471
i0
468 -234 991
i1
991 468 -234
i2
-234 991 468
i0
466 -235 994
i1
994 466 -235
i2
-235 994 466
i0
464 -236 997
i1
997 464 -236
i2
-236 997 464
i0
461 -237 1000
i1
1000 461 -237
i2
-237 1000 461
i0
459 -237 1003
i1
1003 459 -237
i2
-237 1003 459
i0
457 -238 1006
i1
1006 457 -238
i2
-238 1006 457
i0
454 -239 1009
i1
1009 454 -239
i2
-239 1009 454
i0
452 -239 1012
i1
1012 452 -239
i2
-239 1012 452
i0
450 -240 1015
i1
1015 450 -240
i2
-240 1015 450
i0
447 -241 1019
i1
1019 447 -241
i2
-241 1019 447
i0
445 -241 1022
i1
1022 445 -241
i2
-241 1022 445
i0
443 -242 1025
i1
1025 443 -242
i2
-242 1025 443
i0
440 -243 1028
i1
1028 440 -243
i2
-243 1028 440
i0
438 -243 1031
i1
1031 438 -243
i2
-243 1031 438
i0
435 -244 1034
i1
1034 435 -244
i2
-244 1034 435
i0
433 -245 1037
i1
1037 433 -245
i2
-245 1037 433
i0
431 -245 1040
i1
1040 431 -245
i2
-245 1040 431
i0
428 -246 1043
i1
1043 428 -246
i2
-246 1043 428
i0
426 -246 1046
i1
1046 426 -246
i2
-246 1046 426
i0
423 -247 1049
i1
1049 423 -247
i2
-247 1049 423
i0
421 -248 1052
i1
1052 421 -248
i2
-248 1052 421
i0
418 -248 1055
i1
1055 418 -248
i2
-248 1055 418
i0
416 -249 1058
i1
1058 416 -249
i2
-249 1058 416
i0
414 -249 1061
i1
1061 414 -249
i2
-249 1061 414
i0
411 -250 1064
i1
1064 411 -250
i2
-250 1064 411
i0
409 -250 1066
i1
1066 409 -250
i2
-250 1066 409
i0
406 -251 1069
i1
1069 406 -251
i2
-251 1069 406
i0
404 -251 1072
i1
1072 404 -251
i2
-251 1072 404
i0
401 -252 1075
i1
1075 401 -252
i2
-252 1075 401
i0
399 -252 1078
i1
1078 399 -252
i2
-252 1078 399
i0
396 -253 1081
i1
1081 396 -253
i2
-253 1081 396
i0
394 -253 1084
i1
1084 394 -253
i2
-253 1084 394
i0
391 -253 1087
i1
1087 391 -253
i2
-253 1087 391
i0
389 -254 1090
i1
1090 389 -254
i2
-254 1090 389
i0
386 -254 1093
i1
1093 386 -254
i2
-254 1093 386
i0
384 -255 1096
i1
1096 384 -255
i2
-255 1096 384
i0
381 -255 1099
i1
1099 381 -255
i2
-255 1099 381
i0
379 -255 1102
i1
1102 379 -255
i2
-255 1102 379
i0
376 -256 1104
i1
1104 376 -256
i2
-256 1104 376
i0
374 -256 1107
i1
1107 374 -256
i2
-256 1107 374
i0
371 -257 1110
i1
1110 371 -257
i2
-257 1110 371
i0
369 -257 1113
i1
1113 369 -257
i2
-257 1113 369
i0
366 -257 1116
i1
1116 366 -257
i2
-257 1116 366
i0
364 -258 1119
i1
1119 364 -258
i2
-258 1119 364
i0
361 -258 1122
i1
1122 361 -258
i2
-258 1122 361
i0
359 -258 1125
i1
1125 359 -258
i2
-258 1125 359
i0
356 -258 1127
i1
1127 356 -258
i2
-258 1127 356
i0
353 -259 1130
i1
1130 353 -259
i2
-259 1130 353
i0
351 -259 1133
i1
1133 351 -259
i2
-259 1133 351
i0
348 -259 1136
i1
1136 348 -259
i2
-259 1136 348
i0
346 -259 1139
i1
1139 346 -259
i2
-259 1139 346
i0
343 -260 1142
i1
1142 343 -260
i2
-260 1142 343
i0
341 -260 1144
i1
1144 341 -260
i2
-260 1144 341
i0
338 -260 1147
i1
1147 338 -260
i2
-260 1147 338
i0
335 -260 1150
i1
1150 335 -260
i2
-260 1150 335
i0
333 -261 1153
i1
1153 333 -261
i2
-261 1153 333
i0
330 -261 1156
i1
1156 330 -261
i2
-261 1156 330
i0
328 -261 1158
i1
1158 328 -261
i2
-261 1158 328
i0
325 -261 1161
i1
1161 325 -261
i2
-261 1161 325
i0
322 -261 1164
i1
1164 322 -261
i2
-261 1164 322
i0
320 -261 1167
i1
1167 320 -261
i2
-261 1167 320
i0
317 -262 1169
i1
1169 317 -262
i2
-262 1169 317
i0
314 -262 1172
i1
1172 314 -262
i2
-262 1172 314
i0
312 -262 1175
i1
1175 312 -262
i2
-262 1175 312
i0
309 -262 1178
i1
1178 309 -262
i2
-262 1178 309
i0
307 -262 1180
i1
1180 307 -262
i2
-262 1180 307
i0
304 -262 1183
i1
1183 304 -262
i2
-262 1183 304
i0
301 -262 1186
i1
1186 301 -262
i2
-262 1186 301
i0
299 -262 1189
i1
1189 299 -262
i2
-262 1189 299
i0
296 -262 1191
i1
1191 296 -262
i2
-262 1191 296
i0
293 -262 1194
i1
1194 293 -262
i2
-262 1194 293
i0
291 -262 1197
i1
1197 291 -262
i2
-262 1197 291
i0
288 -262 1199
i1
1199 288 -262
i2
-262 1199 288
i0
285 -262 1202
i1
1202 285 -262
i2
-262 1202 285
i0
283 -262 1205
i1
1205 283 -262
i2
-262 1205 283
i0
280 -262 1207
i1
1207 280 -262
i2
-262 1207 280
i0
277 -262 1210
i1
1210 277 -262
i2
-262 1210 277
i0
275 -262 1213
i1
1213 275 -262
i2
-262 1213 275
i0
272 -262 1215
i1
1215 272 -262
i2
-262 1215 272
i0
269 -262 1218
i1
1218 269 -262
i2
-262 1218 269
i0
267 -262 1221
i1
1221 267 -262
i2
-262 1221 267
i0
264 -262 1223
i1
1223 264 -262
i2
-262 1223 264
i0
261 -262 1226
i1
1226 261 -262
i2
-262 1226 261
i0
259 -262 1229
i1
1229 259 -262
i2
-262 1229 259
i0
256 -262 1231
i1
1231 256 -262
i2
-262 1231 256
i0
253 -262 1234
i1
1234 253 -262
i2
-262 1234 253
i0
250 -262 1237
i1
1237 250 -262
i2
-262 1237 250
i0
248 -262 1239
i1
1239 248 -262
i2
-262 1239 248
i0
245 -262 1242
i1
1242 245 -262
i2
-262 1242 245
i0
242 -262 1244
i1
1244 242 -262
i2
-262 1244 242
i0
240 -261 1247
i1
1247 240 -261
i2
-261 1247 240
i0
237 -261 1250
i1
1250 237 -261
i2
-261 1250 237
i0
234 -261 1252
i1
1252 234 -261
i2
-261 1252 234
i0
231 -261 1255
i1
1255 231 -261
i2
-261 1255 231
i0
229 -261 1257
i1
1257 229 -261
i2
-261 1257 229
i0
226 -261 1260
i1
1260 226 -261
i2
-261 1260 226
i0
223 -261 1262
i1
1262 223 -261
i2
-261 1262 223
i0
220 -260 1265
i1
1265 220 -260
i2
-260 1265 220
i0
218 -260 1267
i1
1267 218 -260
i2
-260 1267 218
i0
215 -260 1270
i1
1270 215 -260
i2
-260 1270 215
i0
212 -260 1273
i1
1273 212 -260
i2
-260 1273 212
i0
209 -259 1275
i1
1275 209 -259
i2
-259 1275 209
i0
207 -259 1278
i1
1278 207 -259
i2
-259 1278 207
i0
204 -259 1280
i1
1280 204 -259
i2
-259 1280 204
i0
201 -259 1283
i1
1283 201 -259
i2
-259 1283 201
i0
198 -258 1285
i1
1285 198 -258
i2
-258 1285 198
i0
196 -258 1288
i1
1288 196 -258
i2
-258 1288 196
i0
193 -258 1290
i1
1290 193 -258
i2
-258 1290 193
i0
190 -258 1293
i1
1293 190 -258
i2
-258 1293 190
i0
187 -257 1295
i1
1295 187 -257
i2
-257 1295 187
i0
185 -257 1297
i1
1297 185 -257
i2
-257 1297 185
i0
182 -257 1300
i1
1300 182 -257
i2
-257 1300 182
i0
179 -256 1302
i1
1302 179 -256
i2
-256 1302 179
i0
176 -256 1305
i1
1305 176 -256
i2
-256 1305 176
i0
173 -256 1307
i1
1307 173 -256
i2
-256 1307 173
i0
171 -255 1310
i1
1310 171 -255
i2
-255 1310 171
i0
168 -255 1312
i1
1312 168 -255
i2
-255 1312 168
i0
165 -255 1315
i1
1315 165 -255
i2
-255 1315 165
i0
162 -254 1317
i1
1317 162 -254
i2
-254 1317 162
i0
159 -254 1319
i1
1319 159 -254
i2
-254 1319 159
i0
157 -254 1322
i1
1322 157 -254
i2
-254 1322 157
i0
154 -253 1324
i1
1324 154 -253
i2
-253 1324 154
i0
151 -253 1327
i1
1327 151 -253
i2
-253 1327 151
i0
148 -252 1329
i1
1329 148 -252
i2
-252 1329 148
i0
145 -252 1331
i1
1331 145 -252
i2
-252 1331 145
i0
143 -251 1334
i1
1334 143 -251
i2
-251 1334 143
i0
140 -251 1336
i1
1336 140 -251
i2
-251 1336 140
i0
137 -251 1339
i1
1339 137 -251
i2
-251 1339 137
i0
134 -250 1341
i1
1341 134 -250
i2
-250 1341 134
i0
131 -250 1343
i1
1343 131 -250
i2
-250 1343 131
i0
129 -249 1346
i1
1346 129 -249
i2
-249 1346 129
i0
126 -249 1348
i1
1348 126 -249
i2
-249 1348 126
i0
123 -248 1350
i1
1350 123 -248
i2
-248 1350 123
i0
120 -248 1353
i1
1353 120 -248
i2
-248 1353 120
i0
117 -247 1355
i1
1355 117 -247
i2
-247 1355 117
i0
114 -247 1357
i1
1357 114 -247
i2
-247 1357 114
i0
112 -246 1360
i1
1360 112 -246
i2
-246 1360 112
i0
109 -246 1362
i1
1362 109 -246
i2
-246 1362 109
i0
106 -245 1364
i1
1364 106 -245
i2
-245 1364 106
i0
103 -245 1366
i1
1366 103 -245
i2
-245 1366 103
i0
100 -244 1369
i1
1369 100 -244
i2
-244 1369 100
i0
97 -243 1371
i1
1371 97 -243
i2
-243 1371 97
i0
95 -243 1373
i1
1373 95 -243
i2
-243 1373 95
i0
92 -242 1376
i1
1376 92 -242
i2
-242 1376 92
i0
89 -242 1378
i1
1378 89 -242
i2
-242 1378 89
i0
86 -241 1380
i1
1380 86 -241
i2
-241 1380 86
i0
83 -241 1382
i1
1382 83 -241
i2
-241 1382 83
i0
80 -240 1385
i1
1385 80 -240
i2
-240 1385 80
i0
78 -239 1387
i1
1387 78 -239
i2
-239 1387 78
i0
75 -239 1389
i1
1389 75 -239
i2
-239 1389 75
i0
72 -238 1391
i1
1391 72 -238
i2
-238 1391 72
i0
69 -237 1393
i1
1393 69 -237
i2
-237 1393 69
i0
66 -237 1396
i1
1396 66 -237
i2
-237 1396 66
i0
63 -236 1398
i1
1398 63 -236
i2
-236 1398 63
i0
60 -235 1400
i1
1400 60 -235
i2
-235 1400 60
i0
58 -235 1402
i1
1402 58 -235
i2
-235 1402 58
i0
55 -234 1404
i1
1404 55 -234
i2
-234 1404 55
i0
52 -233 1407
i1
1407 52 -233
i2
-233 1407 52
i0
49 -233 1409
i1
1409 49 -233
i2
-233 1409 49
i0
46 -232 1411
i1
1411 46 -232
i2
-232 1411 46
i0
43 -231 1413
i1
1413 43 -231
i2
-231 1413 43
i0
40 -231 1415
i1
1415 40 -231
i2
-231 1415 40
i0
38 -230 1417
i1
1417 38 -230
i2
-230 1417 38
i0
35 -229 1420
i1
1420 35 -229
i2
-229 1420 35
i0
32 -228 1422
i1
1422 32 -228
i2
-228 1422 32
i0
29 -228 1424
i1
1424 29 -228
i2
-228 1424 29
i0
26 -227 1426
i1
1426 26 -227
i2
-227 1426 26
i0
23 -226 1428
i1
1428 23 -226
i2
-226 1428 23
i0
20 -225 1430
i1
1430 20 -225
i2
-225 1430 20
i0
17 -225 1432
i1
1432 17 -225
i2
-225 1432 17
i0
15 -224 1434
i1
1434 15 -224
i2
-224 1434 15
i0
12 -223 1436
i1
1436 12 -223
i2
-223 1436 12
i0
9 -222 1439
i1
1439 9 -222
i2
-222 1439 9
i0
6 -222 1441
i1
1441 6 -222
i2
-222 1441 6
i0
3 -221 1443
i1
1443 3 -221
i2
-221 1443 3
i0
0 -220 1445
i1
1445 0 -220
i2
-220 1445 0
i0
-3 -219 1447
i1
1447 -3 -219
i2
-219 1447 -3
i0
-6 -218 1449
i1
1449 -6 -218
i2
-218 1449 -6
i0
-8 -217 1451
i1
1451 -8 -217
i2
-217 1451 -8
i0
-11 -217 1453
i1
1453 -11 -217
i2
-217 1453 -11
i0
-14 -216 1455
i1
1455 -14 -216
i2
-216 1455 -14
i0
-17 -215 1457
i1
1457 -17 -215
i2
-215 1457 -17
i0
-20 -214 1459
i1
1459 -20 -214
i2
-214 1459 -20
i0
-23 -213 1461
i1
1461 -23 -213
i2
-213 1461 -23
i0
-26 -212 1463
i1
1463 -26 -212
i2
-212 1463 -26
i0
-29 -211 1465
i1
1465 -29 -211
i2
-211 1465 -29
i0
-32 -211 1467
i1
1467 -32 -211
i2
-211 1467 -32
i0
-34 -210 1469
i1
1469 -34 -210
i2
-210 1469 -34
i0
-37 -209 1471
i1
1471 -37 -209
i2
-209 1471 -37
i0
-40 -208 1473
i1
1473 -40 -208
i2
-208 1473 -40
i0
-43 -207 1475
i1
1475 -43 -207
i2
-207 1475 -43
i0
-46 -206 1477
i1
1477 -46 -206
i2
-206 1477 -46
i0
-49 -205 1479
i1
1479 -49 -205
i2
-205 1479 -49
i0
-52 -204 1481
i1
1481 -52 -204
i2
-204 1481 -52
i0
-55 -203 1483
i1
1483 -55 -203
i2
-203 1483 -55
i0
-58 -202 1485
i1
1485 -58 -202
i2
-202 1485 -58
i0
-61 -201 1487
i1
1487 -61 -201
i2
-201 1487 -61
i0
-63 -200 1489
i1
1489 -63 -200
i2
-200 1489 -63
i0
-66 -199 1491
i1
1491 -66 -199
i2
-199 1491 -66
i0
-69 -198 1493
i1
1493 -69 -198
i2
-198 1493 -69
i0
-72 -197 1494
i1
1494 -72 -197
i2
-197 1494 -72
i0
-75 -196 1496
i1
1496 -75 -196
i2
-196 1496 -75
i0
-78 -195 1498
i1
1498 -78 -195
i2
-195 1498 -78
i0
-81 -194 1500
i1
1500 -81 -194
i2
-194 1500 -81
i0
-84 -193 1502
i1
1502 -84 -193
i2
-193 1502 -84
i0
-87 -192 1504
i1
1504 -87 -192
i2
-192 1504 -87
i0
-90 -191 1506
i1
1506 -90 -191
i2
-191 1506 -90
i0
-92 -190 1508
i1
1508 -92 -190
i2
-190 1508 -92
i0
-95 -189 1510
i1
1510 -95 -189
i2
-189 1510 -95
i0
-98 -188 1511
i1
1511 -98 -188
i2
-188 1511 -98
i0
-101 -187 1513
i1
1513 -101 -187
i2
-187 1513 -101
i0
-104 -186 1515
i1
1515 -104 -186
i2
-186 1515 -104
i0
-107 -185 1517
i1
1517 -107 -185
i2
-185 1517 -107
i0
-110 -184 1519
i1
1519 -110 -184
i2
-184 1519 -110
i0
-113 -183 1521
i1
1521 -113 -183
i2
-183 1521 -113
i0
-116 -182 1522
i1
1522 -116 -182
i2
-182 1522 -116
i0
-119 -181 1524
i1
1524 -119 -181
i2
-181 1524 -119
i0
-121 -180 1526
i1
1526 -121 -180
i2
-180 1526 -121
i0
-124 -178 1528
i1
1528 -124 -178
i2
-178 1528 -124
i0
-127 -177 1530
i1
1530 -127 -177
i2
-177 1530 -127
i0
-130 -176 1531
i1
1531 -130 -176
i2
-176 1531 -130
i0
-133 -175 1533
i1
1533 -133 -175
i2
-175 1533 -133
i0
-136 -174 1535
i1
1535 -136 -174
i2
-174 1535 -136
i0
-139 -173 1537
i1
1537 -139 -173
i2
-173 1537 -139
i0
-142 -172 1539
i1
1539 -142 -172
i2
-172 1539 -142
i0
-145 -171 1540
i1
1540 -145 -171
i2
-171 1540 -145
i0
-148 -169 1542
i1
1542 -148 -169
i2
-169 1542 -148
i0
-151 -168 1544
i1
1544 -151 -168
i2
-168 1544 -151
i0
-153 -167 1546
i1
1546 -153 -167
i2
-167 1546 -153
i0
-156 -166 1547
i1
1547 -156 -166
i2
-166 1547 -156
i0
-159 -165 1549
i1
1549 -159 -165
i2
-165 1549 -159
i0
-162 -164 1551
i1
1551 -162 -164
i2
-164 1551 -162
i0
-165 -162 1552
i1
1552 -165 -162
i2
-162 1552 -165
i0
-168 -161 1554
i1
1554 -168 -161
i2
-161 1554 -168
i0
-171 -160 1556
i1
1556 -171 -160
i2
-160 1556 -171
i0
-174 -159 1558
i1
1558 -174 -159
i2
-159 1558 -174
i0
-177 -158 1559
i1
1559 -177 -158
i2
-158 1559 -177
i0
-180 -156 1561
i1
1561 -180 -156
i2
-156 1561 -180
i0
-183 -155 1563
i1
1563 -183 -155
i2
-155 1563 -183
i0
-185 -154 1564
i1
1564 -185 -154
i2
-154 1564 -185
i0
-188 -153 1566
i1
1566 -188 -153
i2
-153 1566 -188
i0
-191 -151 1568
i1
1568 -191 -151
i2
-151 1568 -191
i0
-194 -150 1569
i1
1569 -194 -150
i2
-150 1569 -194
i0
-197 -149 1571
i1
1571 -197 -149
i2
-149 1571 -197
i0
-200 -148 1573
i1
1573 -200 -148
i2
-148 1573 -200
i0
-203 -146 1574
i1
1574 -203 -146
i2
-146 1574 -203
i0
-206 -145 1576
i1
1576 -206 -145
i2
-145 1576 -206
i0
-209 -144 1577
i1
1577 -209 -144
i2
-144 1577 -209
i0
-212 -142 1579
i1
1579 -212 -142
i2
-142 1579 -212
i0
-214 -141 1581
i1
1581 -214 -141
i2
-141 1581 -214
i0
-217 -140 1582
i1
1582 -217 -140
i2
-140 1582 -217
i0
-220 -139 1584
i1
1584 -220 -139
i2
-139 1584 -220
i0
-223 -137 1585
i1
1585 -223 -137
i2
-137 1585 -223
i0
-226 -136 1587
i1
1587 -226 -136
i2
-136 1587 -226
i0
-229 -135 1589
i1
1589 -229 -135
i2
-135 1589 -229
i0
-232 -133 1590
i1
1590 -232 -133
i2
-133 1590 -232
i0
-235 -132 1592
i1
1592 -235 -132
i2
-132 1592 -235
i0
-238 -131 1593
i1
1593 -238 -131
i2
-131 1593 -238
i0
-241 -129 1595
i1
1595 -241 -129
i2
-129 1595 -241
i0
-244 -128 1596
i1
1596 -244 -128
i2
-128 1596 -244
i0
-246 -127 1598
i1
1598 -246 -127
i2
-127 1598 -246
i0
-249 -125 1600
i1
1600 -249 -125
i2
-125 1600 -249
i0
-252 -124 1601
i1
1601 -252 -124
i2
-124 1601 -252
i0
-255 -122 1603
i1
1603 -255 -122
i2
-122 1603 -255
i0
-258 -121 1604
i1
1604 -258 -121
i2
-121 1604 -258
i0
-261 -120 1606
i1
1606 -261 -120
i2
-120 1606 -261
i0
-264 -118 1607
i1
1607 -264 -118
i2
-118 1607 -264
i0
-267 -117 1609
i1
1609 -267 -117
i2
-117 1609 -267
i0
-270 -116 1610
i1
1610 -270 -116
i2
-116 1610 -270
i0
-273 -114 1612
i1
1612 -273 -114
i2
-114 1612 -273
i0
-275 -113 1613
i1
1613 -275 -113
i2
-113 1613 -275
i0
-278 -111 1615
i1
1615 -278 -111
i2
-111 1615 -278
i0
-281 -110 1616
i1
1616 -281 -110
i2
-110 1616 -281
i0
-284 -108 1618
i1
1618 -284 -108
i2
-108 1618 -284
i0
-287 -107 1619
i1
1619 -287 -107
i2
-107 1619 -287
i0
-290 -106 1620
i1
1620 -290 -106
i2
-106 1620 -290
i0
-293 -104 1622
i1
1622 -293 -104
i2
-104 1622 -293
i0
-296 -103 1623
i1
1623 -296 -103
i2
-103 1623 -296
i0
-299 -101 1625
i1
1625 -299 -101
i2
-101 1625 -299
i0
-301 -100 1626
i1
1626 -301 -100
i2
-100 1626 -301
i0
-304 -98 1628
i1
1628 -304 -98
i2
-98 1628 -304
i0
-307 -97 1629
i1
1629 -307 -97
i2
-97 1629 -307
i0
-310 -95 1630
i1
1630 -310 -95
i2
-95 1630 -310
i0
-313 -94 1632
i1
1632 -313 -94
i2
-94 1632 -313
i0
-316 -92 1633
i1
1633 -316 -92
i2
-92 1633 -316
i0
-319 -91 1635
i1
1635 -319 -91
i2
-91 1635 -319
i0
-322 -89 1636
i1
1636 -322 -89
i2
-89 1636 -322
i0
-325 -88 1637
i1
1637 -325 -88
i2
-88 1637 -325
i0
-327 -86 1639
i1
1639 -327 -86
i2
-86 1639 -327
i0
-330 -85 1640
i1
1640 -330 -85
i2
-85 1640 -330
i0
-333 -83 1642
i1
1642 -333 -83
i2
-83 1642 -333
i0
-336 -82 1643
i1
1643 -336 -82
i2
-82 1643 -336
i0
-339 -80 1644
i1
1644 -339 -80
i2
-80 1644 -339
i0
-342 -79 1646
i1
1646 -342 -79
i2
-79 1646 -342
i0
-345 -77 1647
i1
1647 -345 -77
i2
-77 1647 -345
i0
-348 -76 1648
i1
1648 -348 -76
i2
-76 1648 -348
i0
-351 -74 1650
i1
1650 -351 -74
i2
-74 1650 -351
i0
-353 -72 1651
i1
1651 -353 -72
i2
-72 1651 -353
i0
-356 -71 1652
i1
1652 -356 -71
i2
-71 1652 -356
i0
-359 -69 1654
i1
1654 -359 -69
i2
-69 1654 -359
i0
-362 -68 1655
i1
1655 -362 -68
i2
-68 1655 -362
i0
-365 -66 1656
i1
1656 -365 -66
i2
-66 1656 -365
i0
-368 -65 1657
i1
1657 -368 -65
i2
-65 1657 -368
i0
-371 -63 1659
i1
1659 -371 -63
i2
-63 1659 -371
i0
-374 -61 1660
i1
1660 -374 -61
i2
-61 1660 -374
i0
-376 -60 1661
i1
1661 -376 -60
i2
-60 1661 -376
i0
-379 -58 1663
i1
1663 -379 -58
i2
-58 1663 -379
i0
-382 -57 1664
i1
1664 -382 -57
i2
-57 1664 -382
i0
-385 -55 1665
i1
1665 -385 -55
i2
-55 1665 -385
i0
-388 -53 1666
i1
1666 -388 -53
i2
-53 1666 -388
i0
-391 -52 1668
i1
1668 -391 -52
i2
-52 1668 -391
i0
-394 -50 1669
i1
1669 -394 -50
i2
-50 1669 -394
i0
-397 -49 1670
i1
1670 -397 -49
i2
-49 1670 -397
i0
-399 -47 1671
i1
1671 -399 -47
i2
-47 1671 -399
i0
-402 -45 1672
i1
1672 -402 -45
i2
-45 1672 -402
i0
-405 -44 1674
i1
1674 -405 -44
i2
-44 1674 -405
i0
-408 -42 1675
i1
1675 -408 -42
i2
-42 1675 -408
i0
-411 -40 1676
i1
1676 -411 -40
i2
-40 1676 -411
i0
-414 -39 1677
i1
1677 -414 -39
i2
-39 1677 -414
i0
-417 -37 1678
i1
1678 -417 -37
i2
-37 1678 -417
i0
-419 -35 1680
i1
1680 -419 -35
i2
-35 1680 -419
i0
-422 -34 1681
i1
1681 -422 -34
i2
-34 1681 -422
i0
-425 -32 1682
i1
1682 -425 -32
i2
-32 1682 -425
i0
-428 -30 1683
i1
1683 -428 -30
i2
-30 1683 -428
i0
-431 -29 1684
i1
1684 -431 -29
i2
-29 1684 -431
i0
-434 -27 1686
i1
1686 -434 -27
i2
-27 1686 -434
i0
-437 -25 1687
i1
1687 -437 -25
i2
-25 1687 -437
i0
-439 -23 1688
i1
1688 -439 -23
i2
-23 1688 -439
i0
-442 -22 1689
i1
1689 -442 -22
i2
-22 1689 -442
i0
-445 -20 1690
i1
1690 -445 -20
i2
-20 1690 -445
i0
-448 -18 1691
i1
1691 -448 -18
i2
-18 1691 -448
i0
-451 -17 1692
i1
1692 -451 -17
i2
-17 1692 -451
i0
-454 -15 1693
i1
1693 -454 -15
i2
-15 1693 -454
i0
-456 -13 1695
i1
1695 -456 -13
i2
-13 1695 -456
i0
-459 -11 1696
i1
1696 -459 -11
i2
-11 1696 -459
i0
-462 -10 1697
i1
1697 -462 -10
i2
-10 1697 -462
i0
-465 -8 1698
i1
1698 -465 -8
i2
-8 1698 -465
i0
-468 -6 1699
i1
1699 -468 -6
i2
-6 1699 -468
i0
-471 -4 1700
i1
1700 -471 -4
i2
-4 1700 -471
i0
-473 -3 1701
i1
1701 -473 -3
i2
-3 1701 -473
i0
-476 -1 1702
i1
1702 -476 -1
i2
-1 1702 -476
i0
-479 1 1703
i1
1703 -479 1
i2
1 1703 -479
i0
-482 3 1704
i1
1704 -482 3
i2
3 1704 -482
i0
-485 4 1705
i1
1705 -485 4
i2
4 1705 -485
i0
-488 6 1706
i1
1706 -488 6
i2
6 1706 -488
i0
-490 8 1707
i1
1707 -490 8
i2
8 1707 -490
i0
-493 10 1708
i1
1708 -493 10
i2
10 1708 -493
i0
-496 12 1709
i1
1709 -496 12
i2
12 1709 -496
i0
-499 13 1710
i1
1710 -499 13
i2
13 1710 -499
i0
-502 15 1712
i1
1712 -502 15
i2
15 1712 -502
i0
-505 17 1713
i1
1713 -505 17
i2
17 1713 -505
i0
-507 19 1714
i1
1714 -507 19
i2
19 1714 -507
i0
-510 21 1715
i1
1715 -510 21
i2
21 1715 -510
i0
-513 23 1716
i1
1716 -513 23
i2
23 1716 -513
i0
-516 24 1716
i1
1716 -516 24
i2
24 1716 -516
i0
-519 26 1717
i1
1717 -519 26
i2
26 1717 -519
i0
-521 28 1718
i1
1718 -521 28
i2
28 1718 -521
i0
-524 30 1719
i1
1719 -524 30
i2
30 1719 -524
i0
-527 32 1720
i1
1720 -527 32
i2
32 1720 -527
i0
-530 34 1721
i1
1721 -530 34
i2
34 1721 -530
i0
-533 35 1722
i1
1722 -533 35
i2
35 1722 -533
i0
-536 37 1723
i1
1723 -536 37
i2
37 1723 -536
i0
-538 39 1724
i1
1724 -538 39
i2
39 1724 -538
i0
-541 41 1725
i1
1725 -541 41
i2
41 1725 -541
i0
-544 43 1726
i1
1726 -544 43
i2
43 1726 -544
i0
-547 45 1727
i1
1727 -547 45
i2
45 1727 -547
i0
-550 47 1728
i1
1728 -550 47
i2
47 1728 -550
i0
-552 48 1729
i1
1729 -552 48
i2
48 1729 -552
i0
-555 50 1730
i1
1730 -555 50
i2
50 1730 -555
i0
-558 52 1731
i1
1731 -558 52
i2
52 1731 -558
i0
-561 54 1732
i1
1732 -561 54
i2
54 1732 -561
i0
-563 56 1732
i1
1732 -563 56
i2
56 1732 -563
i0
-566 58 1733
i1
1733 -566 58
i2
58 1733 -566
i0
-569 60 1734
i1
1734 -569 60
i2
60 1734 -569
i0
-572 62 1735
i1
1735 -572 62
i2
62 1735 -572
i0
-575 64 1736
i1
1736 -575 64
i2
64 1736 -575
i0
-577 66 1737
i1
1737 -577 66
i2
66 1737 -577
i0
-580 68 1738
i1
1738 -580 68
i2
68 1738 -580
i0
-583 69 1738
i1
1738 -583 69
i2
69 1738 -583
i0
-586 71 1739
i1
1739 -586 71
i2
71 1739 -586
i0
-589 73 1740
i1
1740 -589 73
i2
73 1740 -589
i0
-591 75 1741
i1
1741 -591 75
i2
75 1741 -591
i0
-594 77 1742
i1
1742 -594 77
i2
77 1742 -594
i0
-597 79 1743
i1
1743 -597 79
i2
79 1743 -597
i0
-600 81 1743
i1
1743 -600 81
i2
81 1743 -600
i0
-602 83 1744
i1
1744 -602 83
i2
83 1744 -602
i0
-605 85 1745
i1
1745 -605 85
i2
85 1745 -605
i0
-608 87 1746
i1
1746 -608 87
i2
87 1746 -608
i0
-611 89 1747
i1
1747 -611 89
i2
89 1747 -611
i0
-613 91 1747
i1
1747 -613 91
i2
91 1747 -613
i0
-616 93 1748
i1
1748 -616 93
i2
93 1748 -616
i0
-619 95 1749
i1
1749 -619 95
i2
95 1749 -619
i0
-622 97 1750
i1
1750 -622 97
i2
97 1750 -622
i0
-624 99 1751
i1
1751 -624 99
i2
99 1751 -624
i0
-627 101 1751
i1
1751 -627 101
i2
101 1751 -627
i0
-630 103 1752
i1
1752 -630 103
i2
103 1752 -630
i0
-633 105 1753
i1
1753 -633 105
i2
105 1753 -633
i0
-635 107 1754
i1
1754 -635 107
i2
107 1754 -635
i0
-638 109 1754
i1
1754 -638 109
i2
109 1754 -638
i0
-641 111 1755
i1
1755 -641 111
i2
111 1755 -641
i0
-644 113 1756
i1
1756 -644 113
i2
113 1756 -644
i0
-646 115 1756
i1
1756 -646 115
i2
115 1756 -646
i0
-649 117 1757
i1
1757 -649 117
i2
117 1757 -649
i0
-652 119 1758
i1
1758 -652 119
i2
119 1758 -652
i0
-655 121 1759
i1
1759 -655 121
i2
121 1759 -655
i0
-657 123 1759
i1
1759 -657 123
i2
123 1759 -657
i0
-660 125 1760
i1
1760 -660 125
i2
125 1760 -660
i0
-663 127 1761
i1
1761 -663 127
i2
127 1761 -663
i0
-666 129 1761
i1
1761 -666 129
i2
129 1761 -666
i0
-668 131 1762
i1
1762 -668 131
i2
131 1762 -668
i0
-671 133 1763
i1
1763 -671 133
i2
133 1763 -671
i0
-674 135 1763
i1
1763 -674 135
i2
135 1763 -674
i0
-676 137 1764
i1
1764 -676 137
i2
137 1764 -676
i0
-679 140 1765
i1
1765 -679 140
i2
140 1765 -679
i0
-682 142 1765
i1
1765 -682 142
i2
142 1765 -682
i0
-685 144 1766
i1
1766 -685 144
i2
144 1766 -685
i0
-687 146 1767
i1
1767 -687 146
i2
146 1767 -687
i0
-690 148 1767
i1
1767 -690 148
i2
148 1767 -690
i0
-693 150 1768
i1
1768 -693 150
i2
150 1768 -693
i0
-695 152 1768
i1
1768 -695 152
i2
152 1768 -695
i0
-698 154 1769
i1
1769 -698 154
i2
154 1769 -698
i0
-701 156 1770
i1
1770 -701 156
i2
156 1770 -701
i0
-704 158 1770
i1
1770 -704 158
i2
158 1770 -704
i0
-706 160 1771
i1
1771 -706 160
i2
160 1771 -706
i0
-709 163 1771
i1
1771 -709 163
i2
163 1771 -709
i0
-712 165 1772
i1
1772 -712 165
i2
165 1772 -712
i0
-714 167 1773
i1
1773 -714 167
i2
167 1773 -714
i0
-717 169 1773
i1
1773 -717 169
i2
169 1773 -717
i0
-720 171 1774
i1
1774 -720 171
i2
171 1774 -720
i0
-722 173 1774
i1
1774 -722 173
i2
173 1774 -722
i0
-725 175 1775
i1
1775 -725 175
i2
175 1775 -725
i0
-728 177 1775
i1
1775 -728 177
i2
177 1775 -728
i0
-730 179 1776
i1
1776 -730 179
i2
179 1776 -730
i0
-733 182 1777
i1
1777 -733 182
i2
182 1777 -733
i0
-736 184 1777
i1
1777 -736 184
i2
184 1777 -736
i0
-739 186 1778
i1
1778 -739 186
i2
186 1778 -739
i0
-741 188 1778
i1
1778 -741 188
i2
188 1778 -741
i0
-744 190 1779
i1
1779 -744 190
i2
190 1779 -744
i0
-747 192 1779
i1
1779 -747 192
i2
192 1779 -747
i0
-749 195 1780
i1
1780 -749 195
i2
195 1780 -749
i0
-752 197 1780
i1
1780 -752 197
i2
197 1780 -752
i0
-755 199 1781
i1
1781 -755 199
i2
199 1781 -755
i0
-757 201 1781
i1
1781 -757 201
i2
201 1781 -757
i0
-760 203 1782
i1
1782 -760 203
i2
203 1782 -760
i0
-763 205 1782
i1
1782 -763 205
i2
205 1782 -763
i0
-765 208 1783
i1
1783 -765 208
i2
208 1783 -765
i0
-768 210 1783
i1
1783 -768 210
i2
210 1783 -768
i0
-770 212 1784
i1
1784 -770 212
i2
212 1784 -770
i0
-773 214 1784
i1
1784 -773 214
i2
214 1784 -773
i0
-776 216 1784
i1
1784 -776 216
i2
216 1784 -776
i0
-778 218 1785
i1
1785 -778 218
i2
218 1785 -778
i0
-781 221 1785
i1
1785 -781 221
i2
221 1785 -781
i0
-784 223 1786
i1
1786 -784 223
i2
223 1786 -784
i0
-786 225 1786
i1
1786 -786 225
i2
225 1786 -786
i0
-789 227 1787
i1
1787 -789 227
i2
227 1787 -789
i0
-792 230 1787
i1
1787 -792 230
i2
230 1787 -792
i0
-794 232 1788
i1
1788 -794 232
i2
232 1788 -794
i0
-797 234 1788
i1
1788 -797 234
i2
234 1788 -797
i0
-799 236 1788
i1
1788 -799 236
i2
236 1788 -799
i0
-802 238 1789
i1
1789 -802 238
i2
238 1789 -802
i0
-805 241 1789
i1
1789 -805 241
i2
241 1789 -805
i0
-807 243 1790
i1
1790 -807 243
i2
243 1790 -807
i0
-810 245 1790
i1
1790 -810 245
i2
245 1790 -810
i0
-813 247 1790
i1
1790 -813 247
i2
247 1790 -813
i0
-815 250 1791
i1
1791 -815 250
i2
250 1791 -815
i0
-818 252 1791
i1
1791 -818 252
i2
252 1791 -818
i0
-820 254 1791
i1
1791 -820 254
i2
254 1791 -820
i0
-823 256 1792
i1
1792 -823 256
i2
256 1792 -823
i0
-826 259 1792
i1
1792 -826 259
i2
259 1792 -826
i0
-828 261 1792
i1
1792 -828 261
i2
261 1792 -828
i0
-831 263 1793
i1
1793 -831 263
i2
263 1793 -831
i0
-833 265 1793
i1
1793 -833 265
i2
265 1793 -833
i0
-836 268 1793
i1
1793 -836 268
i2
268 1793 -836
i0
-839 270 1794
i1
1794 -839 270
i2
270 1794 -839
i0
-841 272 1794
i1
1794 -841 272
i2
272 1794 -841
i0
-844 274 1794
i1
1794 -844 274
i2
274 1794 -844
i0
-846 277 1795
i1
1795 -846 277
i2
277 1795 -846
i0
-849 279 1795
i1
1795 -849 279
i2
279 1795 -849
i0
-852 281 1795
i1
1795 -852 281
i2
281 1795 -852
i0
-854 284 1796
i1
1796 -854 284
i2
284 1796 -854
i0
-857 286 1796
i1
1796 -857 286
i2
286 1796 -857
i0
-859 288 1796
i1
1796 -859 288
i2
288 1796 -859
i0
-862 290 1797
i1
1797 -862 290
i2
290 1797 -862
i0
-865 293 1797
i1
1797 -865 293
i2
293 1797 -865
i0
-867 295 1797
i1
1797 -867 295
i2
295 1797 -867
i0
-870 297 1797
i1
1797 -870 297
i2
297 1797 -870
i0
-872 300 1798
i1
1798 -872 300
i2
300 1798 -872
i0
-875 302 1798
i1
1798 -875 302
i2
302 1798 -875
i0
-877 304 1798
i1
1798 -877 304
i2
304 1798 -877
i0
-880 307 1798
i1
1798 -880 307
i2
307 1798 -880
i0
-882 309 1799
i1
1799 -882 309
i2
309 1799 -882
i0
-885 311 1799
i1
1799 -885 311
i2
311 1799 -885
i0
-888 314 1799
i1
1799 -888 314
i2
314 1799 -888
i0
-890 316 1799
i1
1799 -890 316
i2
316 1799 -890
i0
-893 318 1799
i1
1799 -893 318
i2
318 1799 -893
i0
-895 321 1800
i1
1800 -895 321
i2
321 1800 -895
i0
-898 323 1800
i1
1800 -898 323
i2
323 1800 -898
i0
-900 325 1800
i1
1800 -900 325
i2
325 1800 -900
i0
-903 328 1800
i1
1800 -903 328
i2
328 1800 -903
i0
-905 330 1800
i1
1800 -905 330
i2
330 1800 -905
i0
-908 332 1801
i1
1801 -908 332
i2
332 1801 -908
i0
-910 335 1801
i1
1801 -910 335
i2
335 1801 -910
i0
-913 337 1801
i1
1801 -913 337
i2
337 1801 -913
i0
-915 339 1801
i1
1801 -915 339
i2
339 1801 -915
i0
-918 342 1801
i1
1801 -918 342
i2
342 1801 -918
i0
-921 344 1802
i1
1802 -921 344
i2
344 1802 -921
i0
-923 346 1802
i1
1802 -923 346
i2
346 1802 -923
i0
-926 349 1802
i1
1802 -926 349
i2
349 1802 -926
i0
-928 351 1802
i1
1802 -928 351
i2
351 1802 -928
i0
-931 353 1802
i1
1802 -931 353
i2
353 1802 -931
i0
-933 356 1802
i1
1802 -933 356
i2
356 1802 -933
i0
-936 358 1802
i1
1802 -936 358
i2
358 1802 -936
i0
-938 361 1803
i1
1803 -938 361
i2
361 1803 -938
i0
-941 363 1803
i1
1803 -941 363
i2
363 1803 -941
i0
-943 365 1803
i1
1803 -943 365
i2
365 1803 -943
i0
-946 368 1803
i1
1803 -946 368
i2
368 1803 -946
i0
-948 370 1803
i1
1803 -948 370
i2
370 1803 -948
i0
-951 373 1803
i1
1803 -951 373
i2
373 1803 -951
i0
-953 375 1803
i1
1803 -953 375
i2
375 1803 -953
i0
-956 377 1803
i1
1803 -956 377
i2
377 1803 -956
i0
-958 380 1803
i1
1803 -958 380
i2
380 1803 -958
i0
-961 382 1803
i1
1803 -961 382
i2
382 1803 -961
i0
-963 385 1803
i1
1803 -963 385
i2
385 1803 -963
i0
-966 387 1804
i1
1804 -966 387
i2
387 1804 -966
i0
-968 389 1804
i1
1804 -968 389
i2
389 1804 -968
i0
-970 392 1804
i1
1804 -970 392
i2
392 1804 -970
i0
-973 394 1804
i1
1804 -973 394
i2
394 1804 -973
i0
-975 397 1804
i1
1804 -975 397
i2
397 1804 -975
i0
-978 399 1804
i1
1804 -978 399
i2
399 1804 -978
i0
-980 401 1804
i1
1804 -980 401
i2
401 1804 -980
i0
-983 404 1804
i1
1804 -983 404
i2
404 1804 -983
i0
-985 406 1804
i1
1804 -985 406
i2
406 1804 -985
i0
-988 409 1804
i1
1804 -988 409
i2
409 1804 -988
i0
-990 411 1804
i1
1804 -990 411
i2
411 1804 -990
i0
-993 414 1804
i1
1804 -993 414
i2
414 1804 -993
i0
-995 416 1804
i1
1804 -995 416
i2
416 1804 -995
i0
-998 419 1804
i1
1804 -998 419
i2
419 1804 -998
i0
-1000 421 1804
i1
1804 -1000 421
i2
421 1804 -1000
i0
-1002 423 1804
i1
1804 -1002 423
i2
423 1804 -1002
i0
-1005 426 1804
i1
1804 -1005 426
i2
426 1804 -1005
i0
-1007 428 1804
i1
1804 -1007 428
i2
428 1804 -1007
i0
-1010 431 1804
i1
1804 -1010 431
i2
431 1804 -1010
i0
-1012 433 1804
i1
1804 -1012 433
i2
433 1804 -1012
i0
-1015 436 1804
i1
1804 -1015 436
i2
436 1804 -1015
i0
-1017 438 1804
i1
1804 -1017 438
i2
438 1804 -1017
i0
-1019 441 1804
i1
1804 -1019 441
i2
441 1804 -1019
i0
-1022 443 1804
i1
1804 -1022 443
i2
443 1804 -1022
i0
-1024 446 1804
i1
1804 -1024 446
i2
446 1804 -1024
i0
-1027 448 1804
i1
1804 -1027 448
i2
448 1804 -1027
i0
-1029 451 1804
i1
1804 -1029 451
i2
451 1804 -1029
i0
-1031 453 1804
i1
1804 -1031 453
i2
453 1804 -1031
i0
-1034 455 1803
i1
1803 -1034 455
i2
455 1803 -1034
i0
-1036 458 1803
i1
1803 -1036 458
i2
458 1803 -1036
i0
-1039 460 1803
i1
1803 -1039 460
i2
460 1803 -1039
i0
-1041 463 1803
i1
1803 -1041 463
i2
463 1803 -1041
i0
-1044 465 1803
i1
1803 -1044 465
i2
465 1803 -1044
i0
-1046 468 1803
i1
1803 -1046 468
i2
468 1803 -1046
i0
-1048 470 1803
i1
1803 -1048 470
i2
470 1803 -1048
i0
-1051 473 1803
i1
1803 -1051 473
i2
473 1803 -1051
i0
-1053 475 1803
i1
1803 -1053 475
i2
475 1803 -1053
i0
-1055 478 1803
i1
1803 -1055 478
i2
478 1803 -1055
i0
-1058 480 1802
i1
1802 -1058 480
i2
480 1802 -1058
i0
-1060 483 1802
i1
1802 -1060 483
i2
483 1802 -1060
i0
-1063 485 1802
i1
1802 -1063 485
i2
485 1802 -1063
i0
-1065 488 1802
i1
1802 -1065 488
i2
488 1802 -1065
