i0
415 400 400
i1
400 415 400
i2
400 400 415
i0
414 400 401
i1
401 414 400
i2
400 401 414
i0
412 400 403
i1
403 412 400
i2
400 403 412
i0
408 401 406
i1
406 408 401
i2
401 406 408
i0
404 402 409
i1
409 404 402
i2
402 409 404
i0
398 406 411
i1
411 398 406
i2
406 411 398
i0
394 410 411
i1
411 394 410
i2
410 411 394
i0
390 414 411
i1
411 390 414
i2
414 411 390
i0
386 418 411
i1
411 386 418
i2
418 411 386
i0
383 422 410
i1
410 383 422
i2
422 410 383
i0
380 425 409
i1
409 380 425
i2
425 409 380
i0
378 429 408
i1
408 378 429
i2
429 408 378
i0
376 433 407
i1
407 376 433
i2
433 407 376
i0
374 436 405
i1
405 374 436
i2
436 405 374
i0
372 440 403
i1
403 372 440
i2
440 403 372
i0
370 443 402
i1
402 370 443
i2
443 402 370
i0
369 446 400
i1
400 369 446
i2
446 400 369
i0
368 449 398
i1
398 368 449
i2
449 398 368
i0
367 452 396
i1
396 367 452
i2
452 396 367
i0
366 455 394
i1
394 366 455
i2
455 394 366
i0
365 457 392
i1
392 365 457
i2
457 392 365
i0
365 460 390
i1
390 365 460
i2
460 390 365
i0
365 463 388
i1
388 365 463
i2
463 388 365
i0
364 465 386
i1
386 364 465
i2
465 386 364
i0
364 467 384
i1
384 364 467
i2
467 384 364
i0
364 469 381
i1
381 364 469
i2
469 381 364
i0
364 472 379
i1
379 364 472
i2
472 379 364
i0
364 474 377
i1
377 364 474
i2
474 377 364
i0
365 476 375
i1
375 365 476
i2
476 375 365
i0
365 477 372
i1
372 365 477
i2
477 372 365
i0
366 479 370
i1
370 366 479
i2
479 370 366
i0
366 481 368
i1
368 366 481
i2
481 368 366
i0
367 482 366
i1
366 367 482
i2
482 366 367
i0
368 484 363
i1
363 368 484
i2
484 363 368
i0
369 485 361
i1
361 369 485
i2
485 361 369
i0
370 486 359
i1
359 370 486
i2
486 359 370
i0
371 488 357
i1
357 371 488
i2
488 357 371
i0
372 489 354
i1
354 372 489
i2
489 354 372
i0
373 490 352
i1
352 373 490
i2
490 352 373
i0
374 491 350
i1
350 374 491
i2
491 350 374
i0
376 492 348
i1
348 376 492
i2
492 348 376
i0
377 492 346
i1
346 377 492
i2
492 346 377
i0
379 493 343
i1
343 379 493
i2
493 343 379
i0
380 494 341
i1
341 380 494
i2
494 341 380
i0
382 494 339
i1
339 382 494
i2
494 339 382
i0
384 494 337
i1
337 384 494
i2
494 337 384
i0
385 495 335
i1
335 385 495
i2
495 335 385
i0
387 495 333
i1
333 387 495
i2
495 333 387
i0
389 495 331
i1
331 389 495
i2
495 331 389
i0
391 495 329
i1
329 391 495
i2
495 329 391
i0
393 495 327
i1
327 393 495
i2
495 327 393
i0
395 495 325
i1
325 395 495
i2
495 325 395
i0
397 495 323
i1
323 397 495
i2
495 323 397
i0
399 495 321
i1
321 399 495
i2
495 321 399
i0
401 494 319
i1
319 401 494
i2
494 319 401
i0
403 494 318
i1
318 403 494
i2
494 318 403
i0
406 493 316
i1
316 406 493
i2
493 316 406
i0
408 493 314
i1
314 408 493
i2
493 314 408
i0
410 492 313
i1
313 410 492
i2
492 313 410
i0
413 492 311
i1
311 413 492
i2
492 311 413
i0
415 491 309
i1
309 415 491
i2
491 309 415
i0
417 490 308
i1
308 417 490
i2
490 308 417
i0
420 489 306
i1
306 420 489
i2
489 306 420
i0
422 488 305
i1
305 422 488
i2
488 305 422
i0
425 487 303
i1
303 425 487
i2
487 303 425
i0
427 486 302
i1
302 427 486
i2
486 302 427
i0
430 484 301
i1
301 430 484
i2
484 301 430
i0
432 483 300
i1
300 432 483
i2
483 300 432
i0
435 482 298
i1
298 435 482
i2
482 298 435
i0
438 480 297
i1
297 438 480
i2
480 297 438
i0
440 479 296
i1
296 440 479
i2
479 296 440
i0
443 477 295
i1
295 443 477
i2
477 295 443
i0
446 475 294
i1
294 446 475
i2
475 294 446
i0
448 474 293
i1
293 448 474
i2
474 293 448
i0
451 472 292
i1
292 451 472
i2
472 292 451
i0
454 470 292
i1
292 454 470
i2
470 292 454
i0
456 468 291
i1
291 456 468
i2
468 291 456
i0
459 466 290
i1
290 459 466
i2
466 290 459
i0
462 464 290
i1
290 462 464
i2
464 290 462
i0
464 462 289
i1
289 464 462
i2
462 289 464
i0
467 460 288
i1
288 467 460
i2
460 288 467
i0
470 457 288
i1
288 470 457
i2
457 288 470
i0
472 455 288
i1
288 472 455
i2
455 288 472
i0
475 453 287
i1
287 475 453
i2
453 287 475
i0
478 450 287
i1
287 478 450
i2
450 287 478
i0
480 448 287
i1
287 480 448
i2
448 287 480
i0
483 445 287
i1
287 483 445
i2
445 287 483
i0
486 443 287
i1
287 486 443
i2
443 287 486
i0
488 440 287
i1
287 488 440
i2
440 287 488
i0
491 437 287
i1
287 491 437
i2
437 287 491
i0
494 435 287
i1
287 494 435
i2
435 287 494
i0
496 432 287
i1
287 496 432
i2
432 287 496
i0
499 429 287
i1
287 499 429
i2
429 287 499
i0
501 426 288
i1
288 501 426
i2
426 288 501
i0
504 423 288
i1
288 504 423
i2
423 288 504
i0
506 420 288
i1
288 506 420
i2
420 288 506
i0
509 417 289
i1
289 509 417
i2
417 289 509
i0
511 414 290
i1
290 511 414
i2
414 290 511
i0
514 411 290
i1
290 514 411
i2
411 290 514
i0
516 408 291
i1
291 516 408
i2
408 291 516
i0
518 405 292
i1
292 518 405
i2
405 292 518
i0
521 402 292
i1
292 521 402
i2
402 292 521
i0
523 399 293
i1
293 523 399
i2
399 293 523
i0
525 396 294
i1
294 525 396
i2
396 294 525
i0
527 392 295
i1
295 527 392
i2
392 295 527
i0
530 389 296
i1
296 530 389
i2
389 296 530
i0
532 386 297
i1
297 532 386
i2
386 297 532
i0
534 383 299
i1
299 534 383
i2
383 299 534
i0
536 379 300
i1
300 536 379
i2
379 300 536
i0
538 376 301
i1
301 538 376
i2
376 301 538
i0
540 373 303
i1
303 540 373
i2
373 303 540
i0
542 369 304
i1
304 542 369
i2
369 304 542
i0
544 366 305
i1
305 544 366
i2
366 305 544
i0
546 362 307
i1
307 546 362
i2
362 307 546
i0
548 359 309
i1
309 548 359
i2
359 309 548
i0
549 356 310
i1
310 549 356
i2
356 310 549
i0
551 352 312
i1
312 551 352
i2
352 312 551
i0
553 349 314
i1
314 553 349
i2
349 314 553
i0
554 345 315
i1
315 554 345
i2
345 315 554
i0
556 342 317
i1
317 556 342
i2
342 317 556
i0
558 338 319
i1
319 558 338
i2
338 319 558
i0
559 335 321
i1
321 559 335
i2
335 321 559
i0
561 331 323
i1
323 561 331
i2
331 323 561
i0
562 328 325
i1
325 562 328
i2
328 325 562
i0
564 324 327
i1
327 564 324
i2
324 327 564
i0
565 321 329
i1
329 565 321
i2
321 329 565
i0
566 317 331
i1
331 566 317
i2
317 331 566
i0
567 314 333
i1
333 567 314
i2
314 333 567
i0
569 311 336
i1
336 569 311
i2
311 336 569
i0
570 307 338
i1
338 570 307
i2
307 338 570
i0
571 304 340
i1
340 571 304
i2
304 340 571
i0
572 300 343
i1
343 572 300
i2
300 343 572
i0
573 297 345
i1
345 573 297
i2
297 345 573
i0
574 293 347
i1
347 574 293
i2
293 347 574
i0
575 290 350
i1
350 575 290
i2
290 350 575
i0
576 286 352
i1
352 576 286
i2
286 352 576
i0
577 283 355
i1
355 577 283
i2
283 355 577
i0
578 280 358
i1
358 578 280
i2
280 358 578
i0
579 276 360
i1
360 579 276
i2
276 360 579
i0
579 273 363
i1
363 579 273
i2
273 363 579
i0
580 270 365
i1
365 580 270
i2
270 365 580
i0
581 266 368
i1
368 581 266
i2
266 368 581
i0
581 263 371
i1
371 581 263
i2
263 371 581
i0
582 260 374
i1
374 582 260
i2
260 374 582
i0
582 256 376
i1
376 582 256
i2
256 376 582
i0
583 253 379
i1
379 583 253
i2
253 379 583
i0
583 250 382
i1
382 583 250
i2
250 382 583
i0
584 246 385
i1
385 584 246
i2
246 385 584
i0
584 243 388
i1
388 584 243
i2
243 388 584
i0
584 240 391
i1
391 584 240
i2
240 391 584
i0
585 237 394
i1
394 585 237
i2
237 394 585
i0
585 234 396
i1
396 585 234
i2
234 396 585
i0
585 230 399
i1
399 585 230
i2
230 399 585
i0
585 227 402
i1
402 585 227
i2
227 402 585
i0
585 224 405
i1
405 585 224
i2
224 405 585
i0
585 221 408
i1
408 585 221
i2
221 408 585
i0
585 218 412
i1
412 585 218
i2
218 412 585
i0
585 215 415
i1
415 585 215
i2
215 415 585
i0
585 212 418
i1
418 585 212
i2
212 418 585
i0
585 209 421
i1
421 585 209
i2
209 421 585
i0
585 206 424
i1
424 585 206
i2
206 424 585
i0
585 203 427
i1
427 585 203
i2
203 427 585
i0
585 200 430
i1
430 585 200
i2
200 430 585
i0
585 197 433
i1
433 585 197
i2
197 433 585
i0
584 194 436
i1
436 584 194
i2
194 436 584
i0
584 191 440
i1
440 584 191
i2
191 440 584
i0
584 188 443
i1
443 584 188
i2
188 443 584
i0
583 185 446
i1
446 583 185
i2
185 446 583
i0
583 183 449
i1
449 583 183
i2
183 449 583
i0
583 180 453
i1
453 583 180
i2
180 453 583
i0
582 177 456
i1
456 582 177
i2
177 456 582
i0
582 174 459
i1
459 582 174
i2
174 459 582
i0
581 172 462
i1
462 581 172
i2
172 462 581
i0
581 169 466
i1
466 581 169
i2
169 466 581
i0
580 166 469
i1
469 580 166
i2
166 469 580
i0
579 163 472
i1
472 579 163
i2
163 472 579
i0
579 161 475
i1
475 579 161
i2
161 475 579
i0
578 158 479
i1
479 578 158
i2
158 479 578
i0
577 156 482
i1
482 577 156
i2
156 482 577
i0
577 153 485
i1
485 577 153
i2
153 485 577
i0
576 150 489
i1
489 576 150
i2
150 489 576
i0
575 148 492
i1
492 575 148
i2
148 492 575
i0
574 145 495
i1
495 574 145
i2
145 495 574
i0
573 143 499
i1
499 573 143
i2
143 499 573
i0
572 140 502
i1
502 572 140
i2
140 502 572
i0
572 138 505
i1
505 572 138
i2
138 505 572
i0
571 136 509
i1
509 571 136
i2
136 509 571
i0
570 133 512
i1
512 570 133
i2
133 512 570
i0
569 131 516
i1
516 569 131
i2
131 516 569
i0
568 129 519
i1
519 568 129
i2
129 519 568
i0
567 126 522
i1
522 567 126
i2
126 522 567
i0
565 124 526
i1
526 565 124
i2
124 526 565
i0
564 122 529
i1
529 564 122
i2
122 529 564
i0
563 119 532
i1
532 563 119
i2
119 532 563
i0
562 117 536
i1
536 562 117
i2
117 536 562
i0
561 115 539
i1
539 561 115
i2
115 539 561
i0
560 113 543
i1
543 560 113
i2
113 543 560
i0
558 111 546
i1
546 558 111
i2
111 546 558
i0
557 109 549
i1
549 557 109
i2
109 549 557
i0
556 106 553
i1
553 556 106
i2
106 553 556
i0
555 104 556
i1
556 555 104
i2
104 556 555
i0
553 102 559
i1
559 553 102
i2
102 559 553
i0
552 100 563
i1
563 552 100
i2
100 563 552
i0
551 98 566
i1
566 551 98
i2
98 566 551
i0
549 96 570
i1
570 549 96
i2
96 570 549
i0
548 94 573
i1
573 548 94
i2
94 573 548
i0
546 92 576
i1
576 546 92
i2
92 576 546
i0
545 90 580
i1
580 545 90
i2
90 580 545
i0
543 89 583
i1
583 543 89
i2
89 583 543
i0
542 87 587
i1
587 542 87
i2
87 587 542
i0
540 85 590
i1
590 540 85
i2
85 590 540
i0
539 83 593
i1
593 539 83
i2
83 593 539
i0
537 81 597
i1
597 537 81
i2
81 597 537
i0
536 79 600
i1
600 536 79
i2
79 600 536
i0
534 78 603
i1
603 534 78
i2
78 603 534
i0
532 76 607
i1
607 532 76
i2
76 607 532
i0
531 74 610
i1
610 531 74
i2
74 610 531
i0
529 72 613
i1
613 529 72
i2
72 613 529
i0
527 71 617
i1
617 527 71
i2
71 617 527
i0
526 69 620
i1
620 526 69
i2
69 620 526
i0
524 68 624
i1
624 524 68
i2
68 624 524
i0
522 66 627
i1
627 522 66
i2
66 627 522
i0
520 64 630
i1
630 520 64
i2
64 630 520
i0
519 63 634
i1
634 519 63
i2
63 634 519
i0
517 61 637
i1
637 517 61
i2
61 637 517
i0
515 60 640
i1
640 515 60
i2
60 640 515
i0
513 58 643
i1
643 513 58
i2
58 643 513
i0
511 57 647
i1
647 511 57
i2
57 647 511
i0
510 55 650
i1
650 510 55
i2
55 650 510
i0
508 54 653
i1
653 508 54
i2
54 653 508
i0
506 52 657
i1
657 506 52
i2
52 657 506
i0
504 51 660
i1
660 504 51
i2
51 660 504
i0
502 50 663
i1
663 502 50
i2
50 663 502
i0
500 48 667
i1
667 500 48
i2
48 667 500
i0
498 47 670
i1
670 498 47
i2
47 670 498
i0
496 46 673
i1
673 496 46
i2
46 673 496
i0
494 45 676
i1
676 494 45
i2
45 676 494
i0
492 43 680
i1
680 492 43
i2
43 680 492
i0
490 42 683
i1
683 490 42
i2
42 683 490
i0
488 41 686
i1
686 488 41
i2
41 686 488
i0
486 40 689
i1
689 486 40
i2
40 689 486
i0
484 38 693
i1
693 484 38
i2
38 693 484
i0
482 37 696
i1
696 482 37
i2
37 696 482
i0
480 36 699
i1
699 480 36
i2
36 699 480
i0
478 35 702
i1
702 478 35
i2
35 702 478
i0
476 34 705
i1
705 476 34
i2
34 705 476
i0
473 33 709
i1
709 473 33
i2
33 709 473
i0
471 32 712
i1
712 471 32
i2
32 712 471
i0
469 31 715
i1
715 469 31
i2
31 715 469
i0
467 30 718
i1
718 467 30
i2
30 718 467
i0
465 29 721
i1
721 465 29
i2
29 721 465
i0
463 28 725
i1
725 463 28
i2
28 725 463
i0
460 27 728
i1
728 460 27
i2
27 728 460
i0
458 26 731
i1
731 458 26
i2
26 731 458
i0
456 25 734
i1
734 456 25
i2
25 734 456
i0
454 24 737
i1
737 454 24
i2
24 737 454
i0
451 23 740
i1
740 451 23
i2
23 740 451
i0
449 22 743
i1
743 449 22
i2
22 743 449
i0
447 22 747
i1
747 447 22
i2
22 747 447
i0
445 21 750
i1
750 445 21
i2
21 750 445
i0
442 20 753
i1
753 442 20
i2
20 753 442
i0
440 19 756
i1
756 440 19
i2
19 756 440
i0
438 18 759
i1
759 438 18
i2
18 759 438
i0
435 18 762
i1
762 435 18
i2
18 762 435
i0
433 17 765
i1
765 433 17
i2
17 765 433
i0
431 16 768
i1
768 431 16
i2
16 768 431
i0
428 16 771
i1
771 428 16
i2
16 771 428
i0
426 15 774
i1
774 426 15
i2
15 774 426
i0
424 14 777
i1
777 424 14
i2
14 777 424
i0
421 14 780
i1
780 421 14
i2
14 780 421
i0
419 13 783
i1
783 419 13
i2
13 783 419
i0
416 12 786
i1
786 416 12
i2
12 786 416
i0
414 12 789
i1
789 414 12
i2
12 789 414
i0
412 11 792
i1
792 412 11
i2
11 792 412
i0
409 11 795
i1
795 409 11
i2
11 795 409
i0
407 10 798
i1
798 407 10
i2
10 798 407
i0
404 10 801
i1
801 404 10
i2
10 801 404
i0
402 9 804
i1
804 402 9
i2
9 804 402
i0
399 9 807
i1
807 399 9
i2
9 807 399
i0
397 8 810
i1
810 397 8
i2
8 810 397
i0
394 8 813
i1
813 394 8
i2
8 813 394
i0
392 7 816
i1
816 392 7
i2
7 816 392
i0
389 7 819
i1
819 389 7
i2
7 819 389
i0
387 7 822
i1
822 387 7
i2
7 822 387
i0
384 6 824
i1
824 384 6
i2
6 824 384
i0
382 6 827
i1
827 382 6
i2
6 827 382
i0
379 6 830
i1
830 379 6
i2
6 830 379
i0
377 5 833
i1
833 377 5
i2
5 833 377
i0
374 5 836
i1
836 374 5
i2
5 836 374
i0
372 5 839
i1
839 372 5
i2
5 839 372
i0
369 4 842
i1
842 369 4
i2
4 842 369
i0
366 4 844
i1
844 366 4
i2
4 844 366
i0
364 4 847
i1
847 364 4
i2
4 847 364
i0
361 4 850
i1
850 361 4
i2
4 850 361
i0
359 4 853
i1
853 359 4
i2
4 853 359
i0
356 3 856
i1
856 356 3
i2
3 856 356
i0
353 3 858
i1
858 353 3
i2
3 858 353
i0
351 3 861
i1
861 351 3
i2
3 861 351
i0
348 3 864
i1
864 348 3
i2
3 864 348
i0
346 3 867
i1
867 346 3
i2
3 867 346
i0
343 3 869
i1
869 343 3
i2
3 869 343
i0
340 3 872
i1
872 340 3
i2
3 872 340
i0
338 3 875
i1
875 338 3
i2
3 875 338
i0
335 3 877
i1
877 335 3
i2
3 877 335
i0
332 3 880
i1
880 332 3
i2
3 880 332
i0
330 3 883
i1
883 330 3
i2
3 883 330
i0
327 3 886
i1
886 327 3
i2
3 886 327
i0
324 3 888
i1
888 324 3
i2
3 888 324
i0
322 3 891
i1
891 322 3
i2
3 891 322
i0
319 3 894
i1
894 319 3
i2
3 894 319
i0
316 3 896
i1
896 316 3
i2
3 896 316
i0
314 3 899
i1
899 314 3
i2
3 899 314
i0
311 3 901
i1
901 311 3
i2
3 901 311
i0
308 3 904
i1
904 308 3
i2
3 904 308
i0
305 3 907
i1
907 305 3
i2
3 907 305
i0
303 3 909
i1
909 303 3
i2
3 909 303
i0
300 3 912
i1
912 300 3
i2
3 912 300
i0
297 3 914
i1
914 297 3
i2
3 914 297
i0
294 4 917
i1
917 294 4
i2
4 917 294
i0
292 4 919
i1
919 292 4
i2
4 919 292
i0
289 4 922
i1
922 289 4
i2
4 922 289
i0
286 4 925
i1
925 286 4
i2
4 925 286
i0
283 5 927
i1
927 283 5
i2
5 927 283
i0
281 5 930
i1
930 281 5
i2
5 930 281
i0
278 5 932
i1
932 278 5
i2
5 932 278
i0
275 5 935
i1
935 275 5
i2
5 935 275
i0
272 6 937
i1
937 272 6
i2
6 937 272
i0
270 6 939
i1
939 270 6
i2
6 939 270
i0
267 6 942
i1
942 267 6
i2
6 942 267
i0
264 7 944
i1
944 264 7
i2
7 944 264
i0
261 7 947
i1
947 261 7
i2
7 947 261
i0
258 7 949
i1
949 258 7
i2
7 949 258
i0
256 8 952
i1
952 256 8
i2
8 952 256
i0
253 8 954
i1
954 253 8
i2
8 954 253
i0
250 8 956
i1
956 250 8
i2
8 956 250
i0
247 9 959
i1
959 247 9
i2
9 959 247
i0
244 9 961
i1
961 244 9
i2
9 961 244
i0
242 10 964
i1
964 242 10
i2
10 964 242
i0
239 10 966
i1
966 239 10
i2
10 966 239
i0
236 11 968
i1
968 236 11
i2
11 968 236
i0
233 11 971
i1
971 233 11
i2
11 971 233
i0
230 12 973
i1
973 230 12
i2
12 973 230
i0
228 12 975
i1
975 228 12
i2
12 975 228
i0
225 13 978
i1
978 225 13
i2
13 978 225
i0
222 13 980
i1
980 222 13
i2
13 980 222
i0
219 14 982
i1
982 219 14
i2
14 982 219
i0
216 14 984
i1
984 216 14
i2
14 984 216
i0
213 15 987
i1
987 213 15
i2
15 987 213
i0
211 16 989
i1
989 211 16
i2
16 989 211
i0
208 16 991
i1
991 208 16
i2
16 991 208
i0
205 17 993
i1
993 205 17
i2
17 993 205
i0
202 17 996
i1
996 202 17
i2
17 996 202
i0
199 18 998
i1
998 199 18
i2
18 998 199
i0
196 19 1000
i1
1000 196 19
i2
19 1000 196
i0
193 19 1002
i1
1002 193 19
i2
19 1002 193
i0
191 20 1004
i1
1004 191 20
i2
20 1004 191
i0
188 21 1007
i1
1007 188 21
i2
21 1007 188
i0
185 21 1009
i1
1009 185 21
i2
21 1009 185
i0
182 22 1011
i1
1011 182 22
i2
22 1011 182
i0
179 23 1013
i1
1013 179 23
i2
23 1013 179
i0
176 24 1015
i1
1015 176 24
i2
24 1015 176
i0
173 24 1017
i1
1017 173 24
i2
24 1017 173
i0
170 25 1019
i1
1019 170 25
i2
25 1019 170
i0
168 26 1021
i1
1021 168 26
i2
26 1021 168
i0
165 27 1024
i1
1024 165 27
i2
27 1024 165
i0
162 28 1026
i1
1026 162 28
i2
28 1026 162
i0
159 28 1028
i1
1028 159 28
i2
28 1028 159
i0
156 29 1030
i1
1030 156 29
i2
29 1030 156
i0
153 30 1032
i1
1032 153 30
i2
30 1032 153
i0
150 31 1034
i1
1034 150 31
i2
31 1034 150
i0
147 32 1036
i1
1036 147 32
i2
32 1036 147
i0
145 33 1038
i1
1038 145 33
i2
33 1038 145
i0
142 34 1040
i1
1040 142 34
i2
34 1040 142
i0
139 34 1042
i1
1042 139 34
i2
34 1042 139
i0
136 35 1044
i1
1044 136 35
i2
35 1044 136
i0
133 36 1046
i1
1046 133 36
i2
36 1046 133
i0
130 37 1048
i1
1048 130 37
i2
37 1048 130
i0
127 38 1050
i1
1050 127 38
i2
38 1050 127
i0
124 39 1052
i1
1052 124 39
i2
39 1052 124
i0
121 40 1054
i1
1054 121 40
i2
40 1054 121
i0
118 41 1056
i1
1056 118 41
i2
41 1056 118
i0
116 42 1057
i1
1057 116 42
i2
42 1057 116
i0
113 43 1059
i1
1059 113 43
i2
43 1059 113
i0
110 44 1061
i1
1061 110 44
i2
44 1061 110
i0
107 45 1063
i1
1063 107 45
i2
45 1063 107
i0
104 46 1065
i1
1065 104 46
i2
46 1065 104
i0
101 47 1067
i1
1067 101 47
i2
47 1067 101
i0
98 48 1069
i1
1069 98 48
i2
48 1069 98
i0
95 49 1071
i1
1071 95 49
i2
49 1071 95
i0
92 50 1072
i1
1072 92 50
i2
50 1072 92
i0
89 51 1074
i1
1074 89 51
i2
51 1074 89
i0
87 52 1076
i1
1076 87 52
i2
52 1076 87
i0
84 54 1078
i1
1078 84 54
i2
54 1078 84
i0
81 55 1080
i1
1080 81 55
i2
55 1080 81
i0
78 56 1081
i1
1081 78 56
i2
56 1081 78
i0
75 57 1083
i1
1083 75 57
i2
57 1083 75
i0
72 58 1085
i1
1085 72 58
i2
58 1085 72
i0
69 59 1087
i1
1087 69 59
i2
59 1087 69
i0
66 60 1088
i1
1088 66 60
i2
60 1088 66
i0
63 62 1090
i1
1090 63 62
i2
62 1090 63
i0
60 63 1092
i1
1092 60 63
i2
63 1092 60
i0
57 64 1094
i1
1094 57 64
i2
64 1094 57
i0
55 65 1095
i1
1095 55 65
i2
65 1095 55
i0
52 66 1097
i1
1097 52 66
i2
66 1097 52
i0
49 68 1099
i1
1099 49 68
i2
68 1099 49
i0
46 69 1100
i1
1100 46 69
i2
69 1100 46
i0
43 70 1102
i1
1102 43 70
i2
70 1102 43
i0
40 71 1104
i1
1104 40 71
i2
71 1104 40
i0
37 73 1105
i1
1105 37 73
i2
73 1105 37
i0
34 74 1107
i1
1107 34 74
i2
74 1107 34
i0
31 75 1108
i1
1108 31 75
i2
75 1108 31
i0
28 77 1110
i1
1110 28 77
i2
77 1110 28
i0
25 78 1112
i1
1112 25 78
i2
78 1112 25
i0
23 79 1113
i1
1113 23 79
i2
79 1113 23
i0
20 81 1115
i1
1115 20 81
i2
81 1115 20
i0
17 82 1116
i1
1116 17 82
i2
82 1116 17
i0
14 83 1118
i1
1118 14 83
i2
83 1118 14
i0
11 85 1119
i1
1119 11 85
i2
85 1119 11
i0
8 86 1121
i1
1121 8 86
i2
86 1121 8
i0
5 87 1122
i1
1122 5 87
i2
87 1122 5
i0
2 89 1124
i1
1124 2 89
i2
89 1124 2
i0
-1 90 1125
i1
1125 -1 90
i2
90 1125 -1
i0
-4 92 1127
i1
1127 -4 92
i2
92 1127 -4
i0
-6 93 1128
i1
1128 -6 93
i2
93 1128 -6
i0
-9 94 1130
i1
1130 -9 94
i2
94 1130 -9
i0
-12 96 1131
i1
1131 -12 96
i2
96 1131 -12
i0
-15 97 1133
i1
1133 -15 97
i2
97 1133 -15
i0
-18 99 1134
i1
1134 -18 99
i2
99 1134 -18
i0
-21 100 1136
i1
1136 -21 100
i2
100 1136 -21
i0
-24 102 1137
i1
1137 -24 102
i2
102 1137 -24
i0
-27 103 1139
i1
1139 -27 103
i2
103 1139 -27
i0
-30 105 1140
i1
1140 -30 105
i2
105 1140 -30
i0
-32 106 1141
i1
1141 -32 106
i2
106 1141 -32
i0
-35 108 1143
i1
1143 -35 108
i2
108 1143 -35
i0
-38 109 1144
i1
1144 -38 109
i2
109 1144 -38
i0
-41 111 1145
i1
1145 -41 111
i2
111 1145 -41
i0
-44 112 1147
i1
1147 -44 112
i2
112 1147 -44
i0
-47 114 1148
i1
1148 -47 114
i2
114 1148 -47
i0
-50 115 1149
i1
1149 -50 115
i2
115 1149 -50
i0
-53 117 1151
i1
1151 -53 117
i2
117 1151 -53
i0
-56 118 1152
i1
1152 -56 118
i2
118 1152 -56
i0
-58 120 1153
i1
1153 -58 120
i2
120 1153 -58
i0
-61 122 1155
i1
1155 -61 122
i2
122 1155 -61
i0
-64 123 1156
i1
1156 -64 123
i2
123 1156 -64
i0
-67 125 1157
i1
1157 -67 125
i2
125 1157 -67
i0
-70 126 1159
i1
1159 -70 126
i2
126 1159 -70
i0
-73 128 1160
i1
1160 -73 128
i2
128 1160 -73
i0
-76 130 1161
i1
1161 -76 130
i2
130 1161 -76
i0
-78 131 1162
i1
1162 -78 131
i2
131 1162 -78
i0
-81 133 1163
i1
1163 -81 133
i2
133 1163 -81
i0
-84 135 1165
i1
1165 -84 135
i2
135 1165 -84
i0
-87 136 1166
i1
1166 -87 136
i2
136 1166 -87
i0
-90 138 1167
i1
1167 -90 138
i2
138 1167 -90
i0
-93 140 1168
i1
1168 -93 140
i2
140 1168 -93
i0
-96 141 1169
i1
1169 -96 141
i2
141 1169 -96
i0
-98 143 1171
i1
1171 -98 143
i2
143 1171 -98
i0
-101 145 1172
i1
1172 -101 145
i2
145 1172 -101
i0
-104 146 1173
i1
1173 -104 146
i2
146 1173 -104
i0
-107 148 1174
i1
1174 -107 148
i2
148 1174 -107
i0
-110 150 1175
i1
1175 -110 150
i2
150 1175 -110
i0
-113 151 1176
i1
1176 -113 151
i2
151 1176 -113
i0
-116 153 1177
i1
1177 -116 153
i2
153 1177 -116
i0
-118 155 1178
i1
1178 -118 155
i2
155 1178 -118
i0
-121 157 1180
i1
1180 -121 157
i2
157 1180 -121
i0
-124 158 1181
i1
1181 -124 158
i2
158 1181 -124
i0
-127 160 1182
i1
1182 -127 160
i2
160 1182 -127
i0
-130 162 1183
i1
1183 -130 162
i2
162 1183 -130
i0
-133 164 1184
i1
1184 -133 164
i2
164 1184 -133
i0
-135 166 1185
i1
1185 -135 166
i2
166 1185 -135
i0
-138 167 1186
i1
1186 -138 167
i2
167 1186 -138
i0
-141 169 1187
i1
1187 -141 169
i2
169 1187 -141
i0
-144 171 1188
i1
1188 -144 171
i2
171 1188 -144
i0
-147 173 1189
i1
1189 -147 173
i2
173 1189 -147
i0
-150 175 1190
i1
1190 -150 175
i2
175 1190 -150
i0
-152 176 1191
i1
1191 -152 176
i2
176 1191 -152
i0
-155 178 1192
i1
1192 -155 178
i2
178 1192 -155
i0
-158 180 1193
i1
1193 -158 180
i2
180 1193 -158
i0
-161 182 1194
i1
1194 -161 182
i2
182 1194 -161
i0
-164 184 1195
i1
1195 -164 184
i2
184 1195 -164
i0
-166 186 1196
i1
1196 -166 186
i2
186 1196 -166
i0
-169 188 1197
i1
1197 -169 188
i2
188 1197 -169
i0
-172 189 1197
i1
1197 -172 189
i2
189 1197 -172
i0
-175 191 1198
i1
1198 -175 191
i2
191 1198 -175
i0
-178 193 1199
i1
1199 -178 193
i2
193 1199 -178
i0
-180 195 1200
i1
1200 -180 195
i2
195 1200 -180
i0
-183 197 1201
i1
1201 -183 197
i2
197 1201 -183
i0
-186 199 1202
i1
1202 -186 199
i2
199 1202 -186
i0
-189 201 1203
i1
1203 -189 201
i2
201 1203 -189
i0
-191 203 1204
i1
1204 -191 203
i2
203 1204 -191
i0
-194 205 1204
i1
1204 -194 205
i2
205 1204 -194
i0
-197 207 1205
i1
1205 -197 207
i2
207 1205 -197
i0
-200 209 1206
i1
1206 -200 209
i2
209 1206 -200
i0
-203 211 1207
i1
1207 -203 211
i2
211 1207 -203
i0
-205 213 1208
i1
1208 -205 213
i2
213 1208 -205
i0
-208 215 1208
i1
1208 -208 215
i2
215 1208 -208
i0
-211 217 1209
i1
1209 -211 217
i2
217 1209 -211
i0
-214 219 1210
i1
1210 -214 219
i2
219 1210 -214
i0
-216 221 1211
i1
1211 -216 221
i2
221 1211 -216
i0
-219 223 1212
i1
1212 -219 223
i2
223 1212 -219
i0
-222 225 1212
i1
1212 -222 225
i2
225 1212 -222
i0
-225 227 1213
i1
1213 -225 227
i2
227 1213 -225
i0
-227 229 1214
i1
1214 -227 229
i2
229 1214 -227
i0
-230 231 1214
i1
1214 -230 231
i2
231 1214 -230
i0
-233 233 1215
i1
1215 -233 233
i2
233 1215 -233
i0
-236 235 1216
i1
1216 -236 235
i2
235 1216 -236
i0
-238 237 1217
i1
1217 -238 237
i2
237 1217 -238
i0
-241 239 1217
i1
1217 -241 239
i2
239 1217 -241
i0
-244 241 1218
i1
1218 -244 241
i2
241 1218 -244
i0
-246 243 1219
i1
1219 -246 243
i2
243 1219 -246
i0
-249 245 1219
i1
1219 -249 245
i2
245 1219 -249
i0
-252 247 1220
i1
1220 -252 247
i2
247 1220 -252
i0
-255 249 1220
i1
1220 -255 249
i2
249 1220 -255
i0
-257 251 1221
i1
1221 -257 251
i2
251 1221 -257
i0
-260 253 1222
i1
1222 -260 253
i2
253 1222 -260
i0
-263 255 1222
i1
1222 -263 255
i2
255 1222 -263
i0
-265 258 1223
i1
1223 -265 258
i2
258 1223 -265
i0
-268 260 1223
i1
1223 -268 260
i2
260 1223 -268
i0
-271 262 1224
i1
1224 -271 262
i2
262 1224 -271
i0
-273 264 1225
i1
1225 -273 264
i2
264 1225 -273
i0
-276 266 1225
i1
1225 -276 266
i2
266 1225 -276
i0
-279 268 1226
i1
1226 -279 268
i2
268 1226 -279
i0
-281 270 1226
i1
1226 -281 270
i2
270 1226 -281
i0
-284 272 1227
i1
1227 -284 272
i2
272 1227 -284
i0
-287 275 1227
i1
1227 -287 275
i2
275 1227 -287
i0
-290 277 1228
i1
1228 -290 277
i2
277 1228 -290
i0
-292 279 1228
i1
1228 -292 279
i2
279 1228 -292
i0
-295 281 1229
i1
1229 -295 281
i2
281 1229 -295
i0
-298 283 1229
i1
1229 -298 283
i2
283 1229 -298
i0
-300 285 1230
i1
1230 -300 285
i2
285 1230 -300
i0
-303 288 1230
i1
1230 -303 288
i2
288 1230 -303
i0
-305 290 1231
i1
1231 -305 290
i2
290 1231 -305
i0
-308 292 1231
i1
1231 -308 292
i2
292 1231 -308
i0
-311 294 1232
i1
1232 -311 294
i2
294 1232 -311
i0
-313 296 1232
i1
1232 -313 296
i2
296 1232 -313
i0
-316 299 1232
i1
1232 -316 299
i2
299 1232 -316
i0
-319 301 1233
i1
1233 -319 301
i2
301 1233 -319
i0
-321 303 1233
i1
1233 -321 303
i2
303 1233 -321
i0
-324 305 1234
i1
1234 -324 305
i2
305 1234 -324
i0
-327 307 1234
i1
1234 -327 307
i2
307 1234 -327
i0
-329 310 1234
i1
1234 -329 310
i2
310 1234 -329
i0
-332 312 1235
i1
1235 -332 312
i2
312 1235 -332
i0
-334 314 1235
i1
1235 -334 314
i2
314 1235 -334
i0
-337 316 1235
i1
1235 -337 316
i2
316 1235 -337
i0
-340 319 1236
i1
1236 -340 319
i2
319 1236 -340
i0
-342 321 1236
i1
1236 -342 321
i2
321 1236 -342
i0
-345 323 1236
i1
1236 -345 323
i2
323 1236 -345
i0
-347 326 1237
i1
1237 -347 326
i2
326 1237 -347
i0
-350 328 1237
i1
1237 -350 328
i2
328 1237 -350
i0
-353 330 1237
i1
1237 -353 330
i2
330 1237 -353
i0
-355 332 1238
i1
1238 -355 332
i2
332 1238 -355
i0
-358 335 1238
i1
1238 -358 335
i2
335 1238 -358
i0
-360 337 1238
i1
1238 -360 337
i2
337 1238 -360
i0
-363 339 1239
i1
1239 -363 339
i2
339 1239 -363
i0
-365 342 1239
i1
1239 -365 342
i2
342 1239 -365
i0
-368 344 1239
i1
1239 -368 344
i2
344 1239 -368
i0
-370 346 1239
i1
1239 -370 346
i2
346 1239 -370
i0
-373 349 1239
i1
1239 -373 349
i2
349 1239 -373
i0
-376 351 1240
i1
1240 -376 351
i2
351 1240 -376
i0
-378 353 1240
i1
1240 -378 353
i2
353 1240 -378
i0
-381 356 1240
i1
1240 -381 356
i2
356 1240 -381
i0
-383 358 1240
i1
1240 -383 358
i2
358 1240 -383
i0
-386 360 1240
i1
1240 -386 360
i2
360 1240 -386
i0
-388 363 1241
i1
1241 -388 363
i2
363 1241 -388
i0
-391 365 1241
i1
1241 -391 365
i2
365 1241 -391
i0
-393 367 1241
i1
1241 -393 367
i2
367 1241 -393
i0
-396 370 1241
i1
1241 -396 370
i2
370 1241 -396
i0
-398 372 1241
i1
1241 -398 372
i2
372 1241 -398
i0
-401 374 1241
i1
1241 -401 374
i2
374 1241 -401
i0
-403 377 1242
i1
1242 -403 377
i2
377 1242 -403
i0
-406 379 1242
i1
1242 -406 379
i2
379 1242 -406
i0
-408 382 1242
i1
1242 -408 382
i2
382 1242 -408
i0
-411 384 1242
i1
1242 -411 384
i2
384 1242 -411
i0
-413 386 1242
i1
1242 -413 386
i2
386 1242 -413
i0
-416 389 1242
i1
1242 -416 389
i2
389 1242 -416
i0
-418 391 1242
i1
1242 -418 391
i2
391 1242 -418
i0
-421 394 1242
i1
1242 -421 394
i2
394 1242 -421
i0
-423 396 1242
i1
1242 -423 396
i2
396 1242 -423
i0
-426 398 1242
i1
1242 -426 398
i2
398 1242 -426
i0
-428 401 1242
i1
1242 -428 401
i2
401 1242 -428
i0
-431 403 1242
i1
1242 -431 403
i2
403 1242 -431
i0
-433 406 1242
i1
1242 -433 406
i2
406 1242 -433
i0
-436 408 1242
i1
1242 -436 408
i2
408 1242 -436
i0
-438 411 1242
i1
1242 -438 411
i2
411 1242 -438
i0
-440 413 1242
i1
1242 -440 413
i2
413 1242 -440
i0
-443 416 1242
i1
1242 -443 416
i2
416 1242 -443
i0
-445 418 1242
i1
1242 -445 418
i2
418 1242 -445
i0
-448 420 1242
i1
1242 -448 420
i2
420 1242 -448
i0
-450 423 1242
i1
1242 -450 423
i2
423 1242 -450
i0
-453 425 1242
i1
1242 -453 425
i2
425 1242 -453
i0
-455 428 1242
i1
1242 -455 428
i2
428 1242 -455
i0
-457 430 1242
i1
1242 -457 430
i2
430 1242 -457
i0
-460 433 1242
i1
1242 -460 433
i2
433 1242 -460
i0
-462 435 1242
i1
1242 -462 435
i2
435 1242 -462
i0
-465 438 1242
i1
1242 -465 438
i2
438 1242 -465
i0
-467 440 1242
i1
1242 -467 440
i2
440 1242 -467
i0
-469 443 1242
i1
1242 -469 443
i2
443 1242 -469
i0
-472 445 1242
i1
1242 -472 445
i2
445 1242 -472
i0
-474 448 1241
i1
1241 -474 448
i2
448 1241 -474
i0
-477 450 1241
i1
1241 -477 450
i2
450 1241 -477
i0
-479 453 1241
i1
1241 -479 453
i2
453 1241 -479
i0
-481 455 1241
i1
1241 -481 455
i2
455 1241 -481
i0
-484 458 1241
i1
1241 -484 458
i2
458 1241 -484
i0
-486 460 1241
i1
1241 -486 460
i2
460 1241 -486
i0
-488 463 1241
i1
1241 -488 463
i2
463 1241 -488
i0
-491 465 1240
i1
1240 -491 465
i2
465 1240 -491
i0
-493 468 1240
i1
1240 -493 468
i2
468 1240 -493
i0
-495 470 1240
i1
1240 -495 470
i2
470 1240 -495
i0
-498 473 1240
i1
1240 -498 473
i2
473 1240 -498
i0
-500 475 1240
i1
1240 -500 475
i2
475 1240 -500
i0
-502 478 1239
i1
1239 -502 478
i2
478 1239 -502
i0
-505 481 1239
i1
1239 -505 481
i2
481 1239 -505
i0
-507 483 1239
i1
1239 -507 483
i2
483 1239 -507
i0
-509 486 1239
i1
1239 -509 486
i2
486 1239 -509
i0
-512 488 1239
i1
1239 -512 488
i2
488 1239 -512
i0
-514 491 1238
i1
1238 -514 491
i2
491 1238 -514
i0
-516 493 1238
i1
1238 -516 493
i2
493 1238 -516
i0
-519 496 1238
i1
1238 -519 496
i2
496 1238 -519
i0
-521 499 1237
i1
1237 -521 499
i2
499 1237 -521
i0
-523 501 1237
i1
1237 -523 501
i2
501 1237 -523
i0
-526 504 1237
i1
1237 -526 504
i2
504 1237 -526
i0
-528 506 1237
i1
1237 -528 506
i2
506 1237 -528
i0
-530 509 1236
i1
1236 -530 509
i2
509 1236 -530
i0
-532 511 1236
i1
1236 -532 511
i2
511 1236 -532
i0
-535 514 1236
i1
1236 -535 514
i2
514 1236 -535
i0
-537 517 1235
i1
1235 -537 517
i2
517 1235 -537
i0
-539 519 1235
i1
1235 -539 519
i2
519 1235 -539
i0
-541 522 1235
i1
1235 -541 522
i2
522 1235 -541
i0
-544 524 1234
i1
1234 -544 524
i2
524 1234 -544
i0
-546 527 1234
i1
1234 -546 527
i2
527 1234 -546
i0
-548 530 1233
i1
1233 -548 530
i2
530 1233 -548
i0
-550 532 1233
i1
1233 -550 532
i2
532 1233 -550
i0
-553 535 1233
i1
1233 -553 535
i2
535 1233 -553
i0
-555 537 1232
i1
1232 -555 537
i2
537 1232 -555
i0
-557 540 1232
i1
1232 -557 540
i2
540 1232 -557
i0
-559 543 1232
i1
1232 -559 543
i2
543 1232 -559
i0
-561 545 1231
i1
1231 -561 545
i2
545 1231 -561
i0
-564 548 1231
i1
1231 -564 548
i2
548 1231 -564
i0
-566 551 1230
i1
1230 -566 551
i2
551 1230 -566
i0
-568 553 1230
i1
1230 -568 553
i2
553 1230 -568
i0
-570 556 1229
i1
1229 -570 556
i2
556 1229 -570
i0
-572 559 1229
i1
1229 -572 559
i2
559 1229 -572
i0
-575 561 1228
i1
1228 -575 561
i2
561 1228 -575
i0
-577 564 1228
i1
1228 -577 564
i2
564 1228 -577
i0
-579 566 1227
i1
1227 -579 566
i2
566 1227 -579
i0
-581 569 1227
i1
1227 -581 569
i2
569 1227 -581
i0
-583 572 1226
i1
1226 -583 572
i2
572 1226 -583
i0
-585 574 1226
i1
1226 -585 574
i2
574 1226 -585
i0
-588 577 1225
i1
1225 -588 577
i2
577 1225 -588
i0
-590 580 1225
i1
1225 -590 580
i2
580 1225 -590
i0
-592 582 1224
i1
1224 -592 582
i2
582 1224 -592
i0
-594 585 1224
i1
1224 -594 585
i2
585 1224 -594
i0
-596 588 1223
i1
1223 -596 588
i2
588 1223 -596
i0
-598 590 1223
i1
1223 -598 590
i2
590 1223 -598
i0
-600 593 1222
i1
1222 -600 593
i2
593 1222 -600
i0
-603 596 1222
i1
1222 -603 596
i2
596 1222 -603
i0
-605 599 1221
i1
1221 -605 599
i2
599 1221 -605
i0
-607 601 1221
i1
1221 -607 601
i2
601 1221 -607
i0
-609 604 1220
i1
1220 -609 604
i2
604 1220 -609
i0
-611 607 1219
i1
1219 -611 607
i2
607 1219 -611
i0
-613 609 1219
i1
1219 -613 609
i2
609 1219 -613
i0
-615 612 1218
i1
1218 -615 612
i2
612 1218 -615
i0
-617 615 1218
i1
1218 -617 615
i2
615 1218 -617
i0
-619 617 1217
i1
1217 -619 617
i2
617 1217 -619
i0
-621 620 1216
i1
1216 -621 620
i2
620 1216 -621
i0
-623 623 1216
i1
1216 -623 623
i2
623 1216 -623
i0
-625 625 1215
i1
1215 -625 625
i2
625 1215 -625
i0
-628 628 1214
i1
1214 -628 628
i2
628 1214 -628
i0
-630 631 1214
i1
1214 -630 631
i2
631 1214 -630
i0
-632 634 1213
i1
1213 -632 634
i2
634 1213 -632
i0
-634 636 1212
i1
1212 -634 636
i2
636 1212 -634
i0
-636 639 1212
i1
1212 -636 639
i2
639 1212 -636
i0
-638 642 1211
i1
1211 -638 642
i2
642 1211 -638
i0
-640 645 1210
i1
1210 -640 645
i2
645 1210 -640
i0
-642 647 1210
i1
1210 -642 647
i2
647 1210 -642
i0
-644 650 1209
i1
1209 -644 650
i2
650 1209 -644
i0
-646 653 1208
i1
1208 -646 653
i2
653 1208 -646
i0
-648 655 1207
i1
1207 -648 655
i2
655 1207 -648
i0
-650 658 1207
i1
1207 -650 658
i2
658 1207 -650
i0
-652 661 1206
i1
1206 -652 661
i2
661 1206 -652
i0
-654 664 1205
i1
1205 -654 664
i2
664 1205 -654
i0
-656 666 1204
i1
1204 -656 666
i2
666 1204 -656
i0
-658 669 1204
i1
1204 -658 669
i2
669 1204 -658
i0
-660 672 1203
i1
1203 -660 672
i2
672 1203 -660
i0
-662 675 1202
i1
1202 -662 675
i2
675 1202 -662
i0
-664 677 1201
i1
1201 -664 677
i2
677 1201 -664
i0
-666 680 1201
i1
1201 -666 680
i2
680 1201 -666
i0
-668 683 1200
i1
1200 -668 683
i2
683 1200 -668
i0
-670 686 1199
i1
1199 -670 686
i2
686 1199 -670
i0
-672 688 1198
i1
1198 -672 688
i2
688 1198 -672
i0
-674 691 1197
i1
1197 -674 691
i2
691 1197 -674
i0
-675 694 1197
i1
1197 -675 694
i2
694 1197 -675
i0
-677 697 1196
i1
1196 -677 697
i2
697 1196 -677
i0
-679 699 1195
i1
1195 -679 699
i2
699 1195 -679
i0
-681 702 1194
i1
1194 -681 702
i2
702 1194 -681
i0
-683 705 1193
i1
1193 -683 705
i2
705 1193 -683
i0
-685 708 1192
i1
1192 -685 708
i2
708 1192 -685
i0
-687 710 1191
i1
1191 -687 710
i2
710 1191 -687
i0
-689 713 1191
i1
1191 -689 713
i2
713 1191 -689
i0
-691 716 1190
i1
1190 -691 716
i2
716 1190 -691
i0
-693 719 1189
i1
1189 -693 719
i2
719 1189 -693
i0
-695 722 1188
i1
1188 -695 722
i2
722 1188 -695
i0
-696 724 1187
i1
1187 -696 724
i2
724 1187 -696
i0
-698 727 1186
i1
1186 -698 727
i2
727 1186 -698
i0
-700 730 1185
i1
1185 -700 730
i2
730 1185 -700
i0
-702 733 1184
i1
1184 -702 733
i2
733 1184 -702
i0
-704 736 1183
i1
1183 -704 736
i2
736 1183 -704
i0
-706 738 1182
i1
1182 -706 738
i2
738 1182 -706
i0
-708 741 1181
i1
1181 -708 741
i2
741 1181 -708
i0
-709 744 1181
i1
1181 -709 744
i2
744 1181 -709
i0
-711 747 1180
i1
1180 -711 747
i2
747 1180 -711
i0
-713 749 1179
i1
1179 -713 749
i2
749 1179 -713
i0
-715 752 1178
i1
1178 -715 752
i2
752 1178 -715
i0
-717 755 1177
i1
1177 -717 755
i2
755 1177 -717
i0
-719 758 1176
i1
1176 -719 758
i2
758 1176 -719
i0
-720 761 1175
i1
1175 -720 761
i2
761 1175 -720
i0
-722 763 1174
i1
1174 -722 763
i2
763 1174 -722
i0
-724 766 1173
i1
1173 -724 766
i2
766 1173 -724
i0
-726 769 1172
i1
1172 -726 769
i2
769 1172 -726
i0
-728 772 1171
i1
1171 -728 772
i2
772 1171 -728
i0
-729 775 1170
i1
1170 -729 775
i2
775 1170 -729
i0
-731 778 1169
i1
1169 -731 778
i2
778 1169 -731
i0
-733 780 1168
i1
1168 -733 780
i2
780 1168 -733
i0
-735 783 1167
i1
1167 -735 783
i2
783 1167 -735
i0
-736 786 1166
i1
1166 -736 786
i2
786 1166 -736
i0
-738 789 1164
i1
1164 -738 789
i2
789 1164 -738
i0
-740 792 1163
i1
1163 -740 792
i2
792 1163 -740
i0
-742 794 1162
i1
1162 -742 794
i2
794 1162 -742
i0
-743 797 1161
i1
1161 -743 797
i2
797 1161 -743
i0
-745 800 1160
i1
1160 -745 800
i2
800 1160 -745
i0
-747 803 1159
i1
1159 -747 803
i2
803 1159 -747
i0
-749 806 1158
i1
1158 -749 806
i2
806 1158 -749
i0
-750 809 1157
i1
1157 -750 809
i2
809 1157 -750
i0
-752 811 1156
i1
1156 -752 811
i2
811 1156 -752
i0
-754 814 1155
i1
1155 -754 814
i2
814 1155 -754
i0
-756 817 1154
i1
1154 -756 817
i2
817 1154 -756
i0
-757 820 1152
i1
1152 -757 820
i2
820 1152 -757
i0
-759 823 1151
i1
1151 -759 823
i2
823 1151 -759
i0
-761 825 1150
i1
1150 -761 825
i2
825 1150 -761
i0
-762 828 1149
i1
1149 -762 828
i2
828 1149 -762
i0
-764 831 1148
i1
1148 -764 831
i2
831 1148 -764
i0
-766 834 1147
i1
1147 -766 834
i2
834 1147 -766
i0
-767 837 1146
i1
1146 -767 837
i2
837 1146 -767
i0
-769 840 1144
i1
1144 -769 840
i2
840 1144 -769
i0
-771 842 1143
i1
1143 -771 842
i2
842 1143 -771
i0
-772 845 1142
i1
1142 -772 845
i2
845 1142 -772
i0
-774 848 1141
i1
1141 -774 848
i2
848 1141 -774
i0
-776 851 1140
i1
1140 -776 851
i2
851 1140 -776
i0
-777 854 1138
i1
1138 -777 854
i2
854 1138 -777
i0
-779 857 1137
i1
1137 -779 857
i2
857 1137 -779
i0
-781 860 1136
i1
1136 -781 860
i2
860 1136 -781
i0
-782 862 1135
i1
1135 -782 862
i2
862 1135 -782
i0
-784 865 1134
i1
1134 -784 865
i2
865 1134 -784
i0
-785 868 1132
i1
1132 -785 868
i2
868 1132 -785
i0
-787 871 1131
i1
1131 -787 871
i2
871 1131 -787
i0
-789 874 1130
i1
1130 -789 874
i2
874 1130 -789
i0
-790 877 1129
i1
1129 -790 877
i2
877 1129 -790
i0
-792 879 1127
i1
1127 -792 879
i2
879 1127 -792
i0
-793 882 1126
i1
1126 -793 882
i2
882 1126 -793
i0
-795 885 1125
i1
1125 -795 885
i2
885 1125 -795
i0
-797 888 1124
i1
1124 -797 888
i2
888 1124 -797
i0
-798 891 1122
i1
1122 -798 891
i2
891 1122 -798
i0
-800 894 1121
i1
1121 -800 894
i2
894 1121 -800
i0
-801 897 1120
i1
1120 -801 897
i2
897 1120 -801
i0
-803 899 1118
i1
1118 -803 899
i2
899 1118 -803
i0
-804 902 1117
i1
1117 -804 902
i2
902 1117 -804
i0
-806 905 1116
i1
1116 -806 905
i2
905 1116 -806
i0
-807 908 1114
i1
1114 -807 908
i2
908 1114 -807
i0
-809 911 1113
i1
1113 -809 911
i2
911 1113 -809
i0
-810 914 1112
i1
1112 -810 914
i2
914 1112 -810
i0
-812 917 1110
i1
1110 -812 917
i2
917 1110 -812
i0
-813 919 1109
i1
1109 -813 919
i2
919 1109 -813
i0
-815 922 1108
i1
1108 -815 922
i2
922 1108 -815
i0
-816 925 1106
i1
1106 -816 925
i2
925 1106 -816
i0
-818 928 1105
i1
1105 -818 928
i2
928 1105 -818
i0
-819 931 1104
i1
1104 -819 931
i2
931 1104 -819
i0
-821 934 1102
i1
1102 -821 934
i2
934 1102 -821
i0
-822 937 1101
i1
1101 -822 937
i2
937 1101 -822
i0
-824 939 1099
i1
1099 -824 939
i2
939 1099 -824
i0
-825 942 1098
i1
1098 -825 942
i2
942 1098 -825
i0
-827 945 1097
i1
1097 -827 945
i2
945 1097 -827
i0
-828 948 1095
i1
1095 -828 948
i2
948 1095 -828
i0
-830 951 1094
i1
1094 -830 951
i2
951 1094 -830
i0
-831 954 1092
i1
1092 -831 954
i2
954 1092 -831
i0
-833 957 1091
i1
1091 -833 957
i2
957 1091 -833
i0
-834 959 1090
i1
1090 -834 959
i2
959 1090 -834
i0
-836 962 1088
i1
1088 -836 962
i2
962 1088 -836
i0
-837 965 1087
i1
1087 -837 965
i2
965 1087 -837
i0
-838 968 1085
i1
1085 -838 968
i2
968 1085 -838
i0
-840 971 1084
i1
1084 -840 971
i2
971 1084 -840
i0
-841 974 1082
i1
1082 -841 974
i2
974 1082 -841
i0
-843 977 1081
i1
1081 -843 977
i2
977 1081 -843
i0
-844 980 1079
i1
1079 -844 980
i2
980 1079 -844
i0
-845 982 1078
i1
1078 -845 982
i2
982 1078 -845
i0
-847 985 1077
i1
1077 -847 985
i2
985 1077 -847
i0
-848 988 1075
i1
1075 -848 988
i2
988 1075 -848
i0
-850 991 1074
i1
1074 -850 991
i2
991 1074 -850
i0
-851 994 1072
i1
1072 -851 994
i2
994 1072 -851
i0
-852 997 1071
i1
1071 -852 997
i2
997 1071 -852
i0
-854 1000 1069
i1
1069 -854 1000
i2
1000 1069 -854
i0
-855 1002 1068
i1
1068 -855 1002
i2
1002 1068 -855
i0
-856 1005 1066
i1
1066 -856 1005
i2
1005 1066 -856
i0
-858 1008 1064
i1
1064 -858 1008
i2
1008 1064 -858
i0
-859 1011 1063
i1
1063 -859 1011
i2
1011 1063 -859
i0
-860 1014 1061
i1
1061 -860 1014
i2
1014 1061 -860
i0
-862 1017 1060
i1
1060 -862 1017
i2
1017 1060 -862
i0
-863 1020 1058
i1
1058 -863 1020
i2
1020 1058 -863
i0
-864 1023 1057
i1
1057 -864 1023
i2
1023 1057 -864
i0
-866 1025 1055
i1
1055 -866 1025
i2
1025 1055 -866
i0
-867 1028 1054
i1
1054 -867 1028
i2
1028 1054 -867
i0
-868 1031 1052
i1
1052 -868 1031
i2
1031 1052 -868
i0
-870 1034 1051
i1
1051 -870 1034
i2
1034 1051 -870
i0
-871 1037 1049
i1
1049 -871 1037
i2
1037 1049 -871
i0
-872 1040 1047
i1
1047 -872 1040
i2
1040 1047 -872
i0
-873 1043 1046
i1
1046 -873 1043
i2
1043 1046 -873
i0
-875 1046 1044
i1
1044 -875 1046
i2
1046 1044 -875
i0
-876 1048 1043
i1
1043 -876 1048
i2
1048 1043 -876
i0
-877 1051 1041
i1
1041 -877 1051
i2
1051 1041 -877
i0
-879 1054 1039
i1
1039 -879 1054
i2
1054 1039 -879
i0
-880 1057 1038
i1
1038 -880 1057
i2
1057 1038 -880
i0
-881 1060 1036
i1
1036 -881 1060
i2
1060 1036 -881
i0
-882 1063 1034
i1
1034 -882 1063
i2
1063 1034 -882
i0
-883 1066 1033
i1
1033 -883 1066
i2
1066 1033 -883
i0
-885 1069 1031
i1
1031 -885 1069
i2
1069 1031 -885
i0
-886 1071 1030
i1
1030 -886 1071
i2
1071 1030 -886
i0
-887 1074 1028
i1
1028 -887 1074
i2
1074 1028 -887
i0
-888 1077 1026
i1
1026 -888 1077
i2
1077 1026 -888
i0
-890 1080 1025
i1
1025 -890 1080
i2
1080 1025 -890
i0
-891 1083 1023
i1
1023 -891 1083
i2
1083 1023 -891
i0
-892 1086 1021
i1
1021 -892 1086
i2
1086 1021 -892
i0
-893 1089 1020
i1
1020 -893 1089
i2
1089 1020 -893
i0
-894 1091 1018
i1
1018 -894 1091
i2
1091 1018 -894
i0
-896 1094 1016
i1
1016 -896 1094
i2
1094 1016 -896
i0
-897 1097 1014
i1
1014 -897 1097
i2
1097 1014 -897
i0
-898 1100 1013
i1
1013 -898 1100
i2
1100 1013 -898
i0
-899 1103 1011
i1
1011 -899 1103
i2
1103 1011 -899
i0
-900 1106 1009
i1
1009 -900 1106
i2
1106 1009 -900
i0
-901 1109 1008
i1
1008 -901 1109
i2
1109 1008 -901
i0
-903 1112 1006
i1
1006 -903 1112
i2
1112 1006 -903
i0
-904 1114 1004
i1
1004 -904 1114
i2
1114 1004 -904
i0
-905 1117 1002
i1
1002 -905 1117
i2
1117 1002 -905
i0
-906 1120 1001
i1
1001 -906 1120
i2
1120 1001 -906
i0
-907 1123 999
i1
999 -907 1123
i2
1123 999 -907
i0
-908 1126 997
i1
997 -908 1126
i2
1126 997 -908
i0
-909 1129 996
i1
996 -909 1129
i2
1129 996 -909
i0
-910 1132 994
i1
994 -910 1132
i2
1132 994 -910
i0
-912 1135 992
i1
992 -912 1135
i2
1135 992 -912
i0
-913 1137 990
i1
990 -913 1137
i2
1137 990 -913
i0
-914 1140 988
i1
988 -914 1140
i2
1140 988 -914
i0
-915 1143 987
i1
987 -915 1143
i2
1143 987 -915
i0
-916 1146 985
i1
985 -916 1146
i2
1146 985 -916
i0
-917 1149 983
i1
983 -917 1149
i2
1149 983 -917
i0
-918 1152 981
i1
981 -918 1152
i2
1152 981 -918
i0
-919 1155 980
i1
980 -919 1155
i2
1155 980 -919
i0
-920 1157 978
i1
978 -920 1157
i2
1157 978 -920
i0
-921 1160 976
i1
976 -921 1160
i2
1160 976 -921
i0
-922 1163 974
i1
974 -922 1163
i2
1163 974 -922
i0
-923 1166 972
i1
972 -923 1166
i2
1166 972 -923
i0
-924 1169 970
i1
970 -924 1169
i2
1169 970 -924
i0
-925 1172 969
i1
969 -925 1172
i2
1172 969 -925
i0
-926 1175 967
i1
967 -926 1175
i2
1175 967 -926
i0
-927 1177 965
i1
965 -927 1177
i2
1177 965 -927
i0
-928 1180 963
i1
963 -928 1180
i2
1180 963 -928
i0
-929 1183 961
i1
961 -929 1183
i2
1183 961 -929
i0
-930 1186 959
i1
959 -930 1186
i2
1186 959 -930
i0
-931 1189 958
i1
958 -931 1189
i2
1189 958 -931
i0
-932 1192 956
i1
956 -932 1192
i2
1192 956 -932
i0
-933 1195 954
i1
954 -933 1195
i2
1195 954 -933
i0
-934 1197 952
i1
952 -934 1197
i2
1197 952 -934
i0
-935 1200 950
i1
950 -935 1200
i2
1200 950 -935
i0
-936 1203 948
i1
948 -936 1203
i2
1203 948 -936
i0
-937 1206 946
i1
946 -937 1206
i2
1206 946 -937
i0
-938 1209 944
i1
944 -938 1209
i2
1209 944 -938
i0
-939 1212 943
i1
943 -939 1212
i2
1212 943 -939
i0
-940 1215 941
i1
941 -940 1215
i2
1215 941 -940
i0
-941 1217 939
i1
939 -941 1217
i2
1217 939 -941
i0
-942 1220 937
i1
937 -942 1220
i2
1220 937 -942
i0
-943 1223 935
i1
935 -943 1223
i2
1223 935 -943
i0
-944 1226 933
i1
933 -944 1226
i2
1226 933 -944
i0
-945 1229 931
i1
931 -945 1229
i2
1229 931 -945
i0
-946 1232 929
i1
929 -946 1232
i2
1232 929 -946
i0
-947 1234 927
i1
927 -947 1234
i2
1234 927 -947
i0
-948 1237 925
i1
925 -948 1237
i2
1237 925 -948
i0
-948 1240 923
i1
923 -948 1240
i2
1240 923 -948
i0
-949 1243 921
i1
921 -949 1243
i2
1243 921 -949
i0
-950 1246 919
i1
919 -950 1246
i2
1246 919 -950
i0
-951 1249 917
i1
917 -951 1249
i2
1249 917 -951
i0
-952 1252 915
i1
915 -952 1252
i2
1252 915 -952
i0
-953 1254 914
i1
914 -953 1254
i2
1254 914 -953
i0
-954 1257 912
i1
912 -954 1257
i2
1257 912 -954
i0
-955 1260 910
i1
910 -955 1260
i2
1260 910 -955
i0
-955 1263 908
i1
908 -955 1263
i2
1263 908 -955
i0
-956 1266 906
i1
906 -956 1266
i2
1266 906 -956
i0
-957 1269 904
i1
904 -957 1269
i2
1269 904 -957
i0
-958 1271 902
i1
902 -958 1271
i2
1271 902 -958
i0
-959 1274 900
i1
900 -959 1274
i2
1274 900 -959
i0
-960 1277 898
i1
898 -960 1277
i2
1277 898 -960
i0
-961 1280 896
i1
896 -961 1280
i2
1280 896 -961
i0
-961 1283 894
i1
894 -961 1283
i2
1283 894 -961
i0
-962 1286 892
i1
892 -962 1286
i2
1286 892 -962
i0
-963 1288 890
i1
890 -963 1288
i2
1288 890 -963
i0
-964 1291 888
i1
888 -964 1291
i2
1291 888 -964
i0
-965 1294 886
i1
886 -965 1294
i2
1294 886 -965
i0
-965 1297 883
i1
883 -965 1297
i2
1297 883 -965
i0
-966 1300 881
i1
881 -966 1300
i2
1300 881 -966
i0
-967 1303 879
i1
879 -967 1303
i2
1303 879 -967
i0
-968 1305 877
i1
877 -968 1305
i2
1305 877 -968
i0
-968 1308 875
i1
875 -968 1308
i2
1308 875 -968
i0
-969 1311 873
i1
873 -969 1311
i2
1311 873 -969
i0
-970 1314 871
i1
871 -970 1314
i2
1314 871 -970
i0
-971 1317 869
i1
869 -971 1317
i2
1317 869 -971
i0
-971 1319 867
i1
867 -971 1319
i2
1319 867 -971
i0
-972 1322 865
i1
865 -972 1322
i2
1322 865 -972
i0
-973 1325 863
i1
863 -973 1325
i2
1325 863 -973
i0
-974 1328 861
i1
861 -974 1328
i2
1328 861 -974
i0
-974 1331 859
i1
859 -974 1331
i2
1331 859 -974
i0
-975 1334 857
i1
857 -975 1334
i2
1334 857 -975
i0
-976 1336 855
i1
855 -976 1336
i2
1336 855 -976
i0
-977 1339 852
i1
852 -977 1339
i2
1339 852 -977
i0
-977 1342 850
i1
850 -977 1342
i2
1342 850 -977
i0
-978 1345 848
i1
848 -978 1345
i2
1345 848 -978
i0
-979 1348 846
i1
846 -979 1348
i2
1348 846 -979
i0
-979 1350 844
i1
844 -979 1350
i2
1350 844 -979
i0
-980 1353 842
i1
842 -980 1353
i2
1353 842 -980
i0
-981 1356 840
i1
840 -981 1356
i2
1356 840 -981
i0
-981 1359 838
i1
838 -981 1359
i2
1359 838 -981
i0
-982 1362 835
i1
835 -982 1362
i2
1362 835 -982
i0
-983 1364 833
i1
833 -983 1364
i2
1364 833 -983
i0
-983 1367 831
i1
831 -983 1367
i2
1367 831 -983
i0
-984 1370 829
i1
829 -984 1370
i2
1370 829 -984
i0
-985 1373 827
i1
827 -985 1373
i2
1373 827 -985
i0
-985 1376 825
i1
825 -985 1376
i2
1376 825 -985
i0
-986 1378 823
i1
823 -986 1378
i2
1378 823 -986
i0
-987 1381 820
i1
820 -987 1381
i2
1381 820 -987
i0
-987 1384 818
i1
818 -987 1384
i2
1384 818 -987
i0
-988 1387 816
i1
816 -988 1387
i2
1387 816 -988
i0
-988 1390 814
i1
814 -988 1390
i2
1390 814 -988
i0
-989 1392 812
i1
812 -989 1392
i2
1392 812 -989
i0
-990 1395 810
i1
810 -990 1395
i2
1395 810 -990
i0
-990 1398 807
i1
807 -990 1398
i2
1398 807 -990
i0
-991 1401 805
i1
805 -991 1401
i2
1401 805 -991
i0
-991 1403 803
i1
803 -991 1403
i2
1403 803 -991
i0
-992 1406 801
i1
801 -992 1406
i2
1406 801 -992
i0
-993 1409 799
i1
799 -993 1409
i2
1409 799 -993
i0
-993 1412 796
i1
796 -993 1412
i2
1412 796 -993
i0
-994 1415 794
i1
794 -994 1415
i2
1415 794 -994
i0
-994 1417 792
i1
792 -994 1417
i2
1417 792 -994
i0
-995 1420 790
i1
790 -995 1420
i2
1420 790 -995
i0
-995 1423 787
i1
787 -995 1423
i2
1423 787 -995
i0
-996 1426 785
i1
785 -996 1426
i2
1426 785 -996
i0
-996 1428 783
i1
783 -996 1428
i2
1428 783 -996
i0
-997 1431 781
i1
781 -997 1431
i2
1431 781 -997
i0
-997 1434 778
i1
778 -997 1434
i2
1434 778 -997
i0
-998 1437 776
i1
776 -998 1437
i2
1437 776 -998
i0
-998 1439 774
i1
774 -998 1439
i2
1439 774 -998
i0
-999 1442 772
i1
772 -999 1442
i2
1442 772 -999
i0
-999 1445 769
i1
769 -999 1445
i2
1445 769 -999
i0
-1000 1448 767
i1
767 -1000 1448
i2
1448 767 -1000
i0
-1000 1450 765
i1
765 -1000 1450
i2
1450 765 -1000
i0
-1001 1453 763
i1
763 -1001 1453
i2
1453 763 -1001
i0
-1001 1456 760
i1
760 -1001 1456
i2
1456 760 -1001
i0
-1002 1459 758
i1
758 -1002 1459
i2
1459 758 -1002
i0
-1002 1462 756
i1
756 -1002 1462
i2
1462 756 -1002
i0
-1003 1464 754
i1
754 -1003 1464
i2
1464 754 -1003
i0
-1003 1467 751
i1
751 -1003 1467
i2
1467 751 -1003
i0
-1004 1470 749
i1
749 -1004 1470
i2
1470 749 -1004
i0
-1004 1472 747
i1
747 -1004 1472
i2
1472 747 -1004
i0
-1005 1475 744
i1
744 -1005 1475
i2
1475 744 -1005
i0
-1005 1478 742
i1
742 -1005 1478
i2
1478 742 -1005
i0
-1006 1481 740
i1
740 -1006 1481
i2
1481 740 -1006
i0
-1006 1483 737
i1
737 -1006 1483
i2
1483 737 -1006
i0
-1006 1486 735
i1
735 -1006 1486
i2
1486 735 -1006
i0
-1007 1489 733
i1
733 -1007 1489
i2
1489 733 -1007
i0
-1007 1492 731
i1
731 -1007 1492
i2
1492 731 -1007
i0
-1008 1494 728
i1
728 -1008 1494
i2
1494 728 -1008
i0
-1008 1497 726
i1
726 -1008 1497
i2
1497 726 -1008
i0
-1008 1500 724
i1
724 -1008 1500
i2
1500 724 -1008
i0
-1009 1503 721
i1
721 -1009 1503
i2
1503 721 -1009
i0
-1009 1505 719
i1
719 -1009 1505
i2
1505 719 -1009
i0
-1010 1508 717
i1
717 -1010 1508
i2
1508 717 -1010
i0
-1010 1511 714
i1
714 -1010 1511
i2
1511 714 -1010
i0
-1010 1513 712
i1
712 -1010 1513
i2
1513 712 -1010
i0
-1011 1516 709
i1
709 -1011 1516
i2
1516 709 -1011
i0
-1011 1519 707
i1
707 -1011 1519
i2
1519 707 -1011
i0
-1011 1522 705
i1
705 -1011 1522
i2
1522 705 -1011
i0
-1012 1524 702
i1
702 -1012 1524
i2
1524 702 -1012
i0
-1012 1527 700
i1
700 -1012 1527
i2
1527 700 -1012
i0
-1012 1530 698
i1
698 -1012 1530
i2
1530 698 -1012
i0
-1013 1532 695
i1
695 -1013 1532
i2
1532 695 -1013
i0
-1013 1535 693
i1
693 -1013 1535
i2
1535 693 -1013
i0
-1013 1538 691
i1
691 -1013 1538
i2
1538 691 -1013
i0
-1014 1541 688
i1
688 -1014 1541
i2
1541 688 -1014
i0
-1014 1543 686
i1
686 -1014 1543
i2
1543 686 -1014
i0
-1014 1546 683
i1
683 -1014 1546
i2
1546 683 -1014
i0
-1015 1549 681
i1
681 -1015 1549
i2
1549 681 -1015
i0
-1015 1551 679
i1
679 -1015 1551
i2
1551 679 -1015
i0
-1015 1554 676
i1
676 -1015 1554
i2
1554 676 -1015
i0
-1015 1557 674
i1
674 -1015 1557
i2
1557 674 -1015
i0
-1016 1559 671
i1
671 -1016 1559
i2
1559 671 -1016
i0
-1016 1562 669
i1
669 -1016 1562
i2
1562 669 -1016
i0
-1016 1565 666
i1
666 -1016 1565
i2
1565 666 -1016
