i0
600 400 400
i1
400 600 400
i2
400 400 600
i0
600 400 400
i1
400 600 400
i2
400 400 600
i0
600 400 400
i1
400 600 400
i2
400 400 600
i0
600 400 400
i1
400 600 400
i2
400 400 600
i0
599 400 401
i1
401 599 400
i2
400 401 599
i0
599 400 401
i1
401 599 400
i2
400 401 599
i0
599 400 401
i1
401 599 400
i2
400 401 599
i0
598 400 402
i1
402 598 400
i2
400 402 598
i0
598 400 402
i1
402 598 400
i2
400 402 598
i0
597 400 403
i1
403 597 400
i2
400 403 597
i0
597 400 403
i1
403 597 400
i2
400 403 597
i0
596 400 404
i1
404 596 400
i2
400 404 596
i0
596 400 404
i1
404 596 400
i2
400 404 596
i0
595 400 405
i1
405 595 400
i2
400 405 595
i0
594 400 406
i1
406 594 400
i2
400 406 594
i0
593 400 407
i1
407 593 400
i2
400 407 593
i0
592 400 408
i1
408 592 400
i2
400 408 592
i0
591 400 409
i1
409 591 400
i2
400 409 591
i0
590 400 410
i1
410 590 400
i2
400 410 590
i0
589 400 411
i1
411 589 400
i2
400 411 589
i0
588 400 412
i1
412 588 400
i2
400 412 588
i0
587 400 413
i1
413 587 400
i2
400 413 587
i0
586 400 414
i1
414 586 400
i2
400 414 586
i0
584 400 415
i1
415 584 400
i2
400 415 584
i0
583 400 417
i1
417 583 400
i2
400 417 583
i0
582 400 418
i1
418 582 400
i2
400 418 582
i0
580 400 419
i1
419 580 400
i2
400 419 580
i0
579 400 421
i1
421 579 400
i2
400 421 579
i0
577 400 423
i1
423 577 400
i2
400 423 577
i0
575 401 424
i1
424 575 401
i2
401 424 575
i0
574 401 426
i1
426 574 401
i2
401 426 574
i0
572 401 428
i1
428 572 401
i2
401 428 572
i0
570 401 429
i1
429 570 401
i2
401 429 570
i0
568 401 431
i1
431 568 401
i2
401 431 568
i0
566 401 433
i1
433 566 401
i2
401 433 566
i0
564 401 435
i1
435 564 401
i2
401 435 564
i0
561 401 437
i1
437 561 401
i2
401 437 561
i0
559 402 439
i1
439 559 402
i2
402 439 559
i0
557 402 441
i1
441 557 402
i2
402 441 557
i0
554 402 444
i1
444 554 402
i2
402 444 554
i0
552 402 446
i1
446 552 402
i2
402 446 552
i0
549 402 448
i1
448 549 402
i2
402 448 549
i0
547 403 451
i1
451 547 403
i2
403 451 547
i0
544 403 453
i1
453 544 403
i2
403 453 544
i0
541 403 456
i1
456 541 403
i2
403 456 541
i0
538 404 458
i1
458 538 404
i2
404 458 538
i0
535 404 461
i1
461 535 404
i2
404 461 535
i0
532 405 464
i1
464 532 405
i2
405 464 532
i0
528 405 466
i1
466 528 405
i2
405 466 528
i0
525 406 469
i1
469 525 406
i2
406 469 525
i0
521 407 472
i1
472 521 407
i2
407 472 521
i0
518 407 475
i1
475 518 407
i2
407 475 518
i0
514 408 478
i1
478 514 408
i2
408 478 514
i0
510 409 481
i1
481 510 409
i2
409 481 510
i0
506 410 484
i1
484 506 410
i2
410 484 506
i0
502 411 487
i1
487 502 411
i2
411 487 502
i0
497 412 490
i1
490 497 412
i2
412 490 497
i0
493 414 494
i1
494 493 414
i2
414 494 493
i0
488 415 497
i1
497 488 415
i2
415 497 488
i0
483 417 500
i1
500 483 417
i2
417 500 483
i0
479 418 503
i1
503 479 418
i2
418 503 479
i0
474 420 506
i1
506 474 420
i2
420 506 474
i0
469 422 509
i1
509 469 422
i2
422 509 469
i0
464 425 512
i1
512 464 425
i2
425 512 464
i0
458 427 515
i1
515 458 427
i2
427 515 458
i0
453 430 517
i1
517 453 430
i2
430 517 453
i0
448 432 520
i1
520 448 432
i2
432 520 448
i0
442 435 522
i1
522 442 435
i2
435 522 442
i0
437 438 525
i1
525 437 438
i2
438 525 437
i0
432 441 527
i1
527 432 441
i2
441 527 432
i0
426 444 529
i1
529 426 444
i2
444 529 426
i0
421 448 531
i1
531 421 448
i2
448 531 421
i0
416 451 533
i1
533 416 451
i2
451 533 416
i0
411 455 535
i1
535 411 455
i2
455 535 411
i0
405 458 537
i1
537 405 458
i2
458 537 405
i0
400 462 538
i1
538 400 462
i2
462 538 400
i0
395 465 540
i1
540 395 465
i2
465 540 395
i0
390 469 541
i1
541 390 469
i2
469 541 390
i0
385 473 542
i1
542 385 473
i2
473 542 385
i0
380 477 543
i1
543 380 477
i2
477 543 380
i0
375 480 545
i1
545 375 480
i2
480 545 375
i0
370 484 546
i1
546 370 484
i2
484 546 370
i0
365 488 546
i1
546 365 488
i2
488 546 365
i0
361 492 547
i1
547 361 492
i2
492 547 361
i0
356 496 548
i1
548 356 496
i2
496 548 356
i0
351 500 549
i1
549 351 500
i2
500 549 351
i0
347 504 550
i1
550 347 504
i2
504 550 347
i0
342 508 550
i1
550 342 508
i2
508 550 342
i0
338 512 551
i1
551 338 512
i2
512 551 338
i0
333 516 551
i1
551 333 516
i2
516 551 333
i0
329 520 552
i1
552 329 520
i2
520 552 329
i0
324 524 552
i1
552 324 524
i2
524 552 324
i0
320 528 552
i1
552 320 528
i2
528 552 320
i0
316 532 553
i1
553 316 532
i2
532 553 316
i0
311 536 553
i1
553 311 536
i2
536 553 311
i0
307 540 553
i1
553 307 540
i2
540 553 307
i0
303 544 553
i1
553 303 544
i2
544 553 303
i0
299 548 553
i1
553 299 548
i2
548 553 299
i0
295 552 553
i1
553 295 552
i2
552 553 295
i0
291 556 553
i1
553 291 556
i2
556 553 291
i0
287 560 553
i1
553 287 560
i2
560 553 287
i0
283 564 553
i1
553 283 564
i2
564 553 283
i0
279 568 553
i1
553 279 568
i2
568 553 279
i0
275 572 553
i1
553 275 572
i2
572 553 275
i0
271 576 553
i1
553 271 576
i2
576 553 271
i0
267 580 552
i1
552 267 580
i2
580 552 267
i0
264 584 552
i1
552 264 584
i2
584 552 264
i0
260 588 552
i1
552 260 588
i2
588 552 260
i0
256 592 552
i1
552 256 592
i2
592 552 256
i0
252 596 551
i1
551 252 596
i2
596 551 252
i0
249 600 551
i1
551 249 600
i2
600 551 249
i0
245 604 550
i1
550 245 604
i2
604 550 245
i0
242 608 550
i1
550 242 608
i2
608 550 242
i0
238 612 550
i1
550 238 612
i2
612 550 238
i0
235 616 549
i1
549 235 616
i2
616 549 235
i0
231 620 548
i1
548 231 620
i2
620 548 231
i0
228 624 548
i1
548 228 624
i2
624 548 228
i0
224 628 547
i1
547 224 628
i2
628 547 224
i0
221 632 547
i1
547 221 632
i2
632 547 221
i0
218 636 546
i1
546 218 636
i2
636 546 218
i0
214 640 546
i1
546 214 640
i2
640 546 214
i0
211 644 545
i1
545 211 644
i2
644 545 211
i0
208 648 544
i1
544 208 648
i2
648 544 208
i0
205 652 543
i1
543 205 652
i2
652 543 205
i0
201 656 543
i1
543 201 656
i2
656 543 201
i0
198 660 542
i1
542 198 660
i2
660 542 198
i0
195 664 541
i1
541 195 664
i2
664 541 195
i0
192 668 540
i1
540 192 668
i2
668 540 192
i0
189 672 540
i1
540 189 672
i2
672 540 189
i0
186 675 539
i1
539 186 675
i2
675 539 186
i0
183 679 538
i1
538 183 679
i2
679 538 183
i0
180 683 537
i1
537 180 683
i2
683 537 180
i0
177 687 536
i1
536 177 687
i2
687 536 177
i0
174 691 535
i1
535 174 691
i2
691 535 174
i0
171 695 534
i1
534 171 695
i2
695 534 171
i0
168 699 533
i1
533 168 699
i2
699 533 168
i0
165 702 532
i1
532 165 702
i2
702 532 165
i0
162 706 531
i1
531 162 706
i2
706 531 162
i0
160 710 530
i1
530 160 710
i2
710 530 160
i0
157 714 529
i1
529 157 714
i2
714 529 157
i0
154 718 528
i1
528 154 718
i2
718 528 154
i0
151 721 527
i1
527 151 721
i2
721 527 151
i0
148 725 526
i1
526 148 725
i2
725 526 148
i0
146 729 525
i1
525 146 729
i2
729 525 146
i0
143 733 524
i1
524 143 733
i2
733 524 143
i0
140 737 523
i1
523 140 737
i2
737 523 140
i0
138 740 522
i1
522 138 740
i2
740 522 138
i0
135 744 521
i1
521 135 744
i2
744 521 135
i0
133 748 520
i1
520 133 748
i2
748 520 133
i0
130 752 518
i1
518 130 752
i2
752 518 130
i0
127 755 517
i1
517 127 755
i2
755 517 127
i0
125 759 516
i1
516 125 759
i2
759 516 125
i0
122 763 515
i1
515 122 763
i2
763 515 122
i0
120 766 514
i1
514 120 766
i2
766 514 120
i0
118 770 512
i1
512 118 770
i2
770 512 118
i0
115 774 511
i1
511 115 774
i2
774 511 115
i0
113 777 510
i1
510 113 777
i2
777 510 113
i0
110 781 509
i1
509 110 781
i2
781 509 110
i0
108 785 507
i1
507 108 785
i2
785 507 108
i0
106 788 506
i1
506 106 788
i2
788 506 106
i0
103 792 505
i1
505 103 792
i2
792 505 103
i0
101 796 503
i1
503 101 796
i2
796 503 101
i0
99 799 502
i1
502 99 799
i2
799 502 99
i0
96 803 501
i1
501 96 803
i2
803 501 96
i0
94 806 499
i1
499 94 806
i2
806 499 94
i0
92 810 498
i1
498 92 810
i2
810 498 92
i0
90 814 497
i1
497 90 814
i2
814 497 90
i0
88 817 495
i1
495 88 817
i2
817 495 88
i0
85 821 494
i1
494 85 821
i2
821 494 85
i0
83 824 492
i1
492 83 824
i2
824 492 83
i0
81 828 491
i1
491 81 828
i2
828 491 81
i0
79 831 490
i1
490 79 831
i2
831 490 79
i0
77 835 488
i1
488 77 835
i2
835 488 77
i0
75 838 487
i1
487 75 838
i2
838 487 75
i0
73 842 485
i1
485 73 842
i2
842 485 73
i0
71 846 484
i1
484 71 846
i2
846 484 71
i0
69 849 482
i1
482 69 849
i2
849 482 69
i0
67 852 481
i1
481 67 852
i2
852 481 67
i0
65 856 479
i1
479 65 856
i2
856 479 65
i0
63 859 478
i1
478 63 859
i2
859 478 63
i0
61 863 476
i1
476 61 863
i2
863 476 61
i0
59 866 475
i1
475 59 866
i2
866 475 59
i0
57 870 473
i1
473 57 870
i2
870 473 57
i0
55 873 472
i1
472 55 873
i2
873 472 55
i0
53 877 470
i1
470 53 877
i2
877 470 53
i0
51 880 469
i1
469 51 880
i2
880 469 51
i0
49 884 467
i1
467 49 884
i2
884 467 49
i0
48 887 466
i1
466 48 887
i2
887 466 48
i0
46 890 464
i1
464 46 890
i2
890 464 46
i0
44 894 462
i1
462 44 894
i2
894 462 44
i0
42 897 461
i1
461 42 897
i2
897 461 42
i0
40 901 459
i1
459 40 901
i2
901 459 40
i0
39 904 458
i1
458 39 904
i2
904 458 39
i0
37 907 456
i1
456 37 907
i2
907 456 37
i0
35 911 454
i1
454 35 911
i2
911 454 35
i0
33 914 453
i1
453 33 914
i2
914 453 33
i0
32 917 451
i1
451 32 917
i2
917 451 32
i0
30 921 449
i1
449 30 921
i2
921 449 30
i0
28 924 448
i1
448 28 924
i2
924 448 28
i0
27 927 446
i1
446 27 927
i2
927 446 27
i0
25 931 444
i1
444 25 931
i2
931 444 25
i0
24 934 443
i1
443 24 934
i2
934 443 24
i0
22 937 441
i1
441 22 937
i2
937 441 22
i0
20 940 439
i1
439 20 940
i2
940 439 20
i0
19 944 438
i1
438 19 944
i2
944 438 19
i0
17 947 436
i1
436 17 947
i2
947 436 17
i0
16 950 434
i1
434 16 950
i2
950 434 16
i0
14 953 432
i1
432 14 953
i2
953 432 14
i0
13 957 431
i1
431 13 957
i2
957 431 13
i0
11 960 429
i1
429 11 960
i2
960 429 11
i0
10 963 427
i1
427 10 963
i2
963 427 10
i0
8 966 425
i1
425 8 966
i2
966 425 8
i0
7 969 424
i1
424 7 969
i2
969 424 7
i0
5 973 422
i1
422 5 973
i2
973 422 5
i0
4 976 420
i1
420 4 976
i2
976 420 4
i0
3 979 418
i1
418 3 979
i2
979 418 3
i0
1 982 417
i1
417 1 982
i2
982 417 1
i0
-0 985 415
i1
415 -0 985
i2
985 415 -0
i0
-1 988 413
i1
413 -1 988
i2
988 413 -1
i0
-3 992 411
i1
411 -3 992
i2
992 411 -3
i0
-4 995 409
i1
409 -4 995
i2
995 409 -4
i0
-5 998 408
i1
408 -5 998
i2
998 408 -5
i0
-7 1001 406
i1
406 -7 1001
i2
1001 406 -7
i0
-8 1004 404
i1
404 -8 1004
i2
1004 404 -8
i0
-9 1007 402
i1
402 -9 1007
i2
1007 402 -9
i0
-11 1010 400
i1
400 -11 1010
i2
1010 400 -11
i0
-12 1013 398
i1
398 -12 1013
i2
1013 398 -12
i0
-13 1016 397
i1
397 -13 1016
i2
1016 397 -13
i0
-14 1020 395
i1
395 -14 1020
i2
1020 395 -14
i0
-16 1023 393
i1
393 -16 1023
i2
1023 393 -16
i0
-17 1026 391
i1
391 -17 1026
i2
1026 391 -17
i0
-18 1029 389
i1
389 -18 1029
i2
1029 389 -18
i0
-19 1032 387
i1
387 -19 1032
i2
1032 387 -19
i0
-20 1035 385
i1
385 -20 1035
i2
1035 385 -20
i0
-21 1038 384
i1
384 -21 1038
i2
1038 384 -21
i0
-22 1041 382
i1
382 -22 1041
i2
1041 382 -22
i0
-24 1044 380
i1
380 -24 1044
i2
1044 380 -24
i0
-25 1047 378
i1
378 -25 1047
i2
1047 378 -25
i0
-26 1050 376
i1
376 -26 1050
i2
1050 376 -26
i0
-27 1053 374
i1
374 -27 1053
i2
1053 374 -27
i0
-28 1056 372
i1
372 -28 1056
i2
1056 372 -28
i0
-29 1059 370
i1
370 -29 1059
i2
1059 370 -29
i0
-30 1062 368
i1
368 -30 1062
i2
1062 368 -30
i0
-31 1065 366
i1
366 -31 1065
i2
1065 366 -31
i0
-32 1068 364
i1
364 -32 1068
i2
1068 364 -32
i0
-33 1070 363
i1
363 -33 1070
i2
1070 363 -33
i0
-34 1073 361
i1
361 -34 1073
i2
1073 361 -34
i0
-35 1076 359
i1
359 -35 1076
i2
1076 359 -35
i0
-36 1079 357
i1
357 -36 1079
i2
1079 357 -36
i0
-37 1082 355
i1
355 -37 1082
i2
1082 355 -37
i0
-38 1085 353
i1
353 -38 1085
i2
1085 353 -38
i0
-39 1088 351
i1
351 -39 1088
i2
1088 351 -39
i0
-40 1091 349
i1
349 -40 1091
i2
1091 349 -40
i0
-41 1094 347
i1
347 -41 1094
i2
1094 347 -41
i0
-42 1097 345
i1
345 -42 1097
i2
1097 345 -42
i0
-42 1099 343
i1
343 -42 1099
i2
1099 343 -42
i0
-43 1102 341
i1
341 -43 1102
i2
1102 341 -43
i0
-44 1105 339
i1
339 -44 1105
i2
1105 339 -44
i0
-45 1108 337
i1
337 -45 1108
i2
1108 337 -45
i0
-46 1111 335
i1
335 -46 1111
i2
1111 335 -46
i0
-47 1114 333
i1
333 -47 1114
i2
1114 333 -47
i0
-47 1116 331
i1
331 -47 1116
i2
1116 331 -47
i0
-48 1119 329
i1
329 -48 1119
i2
1119 329 -48
i0
-49 1122 327
i1
327 -49 1122
i2
1122 327 -49
i0
-50 1125 325
i1
325 -50 1125
i2
1125 325 -50
i0
-51 1128 323
i1
323 -51 1128
i2
1128 323 -51
i0
-51 1130 321
i1
321 -51 1130
i2
1130 321 -51
i0
-52 1133 319
i1
319 -52 1133
i2
1133 319 -52
i0
-53 1136 317
i1
317 -53 1136
i2
1136 317 -53
i0
-53 1139 315
i1
315 -53 1139
i2
1139 315 -53
i0
-54 1141 313
i1
313 -54 1141
i2
1141 313 -54
i0
-55 1144 311
i1
311 -55 1144
i2
1144 311 -55
i0
-56 1147 309
i1
309 -56 1147
i2
1147 309 -56
i0
-56 1149 307
i1
307 -56 1149
i2
1149 307 -56
i0
-57 1152 305
i1
305 -57 1152
i2
1152 305 -57
i0
-58 1155 303
i1
303 -58 1155
i2
1155 303 -58
i0
-58 1158 301
i1
301 -58 1158
i2
1158 301 -58
i0
-59 1160 299
i1
299 -59 1160
i2
1160 299 -59
i0
-59 1163 297
i1
297 -59 1163
i2
1163 297 -59
i0
-60 1166 294
i1
294 -60 1166
i2
1166 294 -60
i0
-61 1168 292
i1
292 -61 1168
i2
1168 292 -61
i0
-61 1171 290
i1
290 -61 1171
i2
1171 290 -61
i0
-62 1174 288
i1
288 -62 1174
i2
1174 288 -62
i0
-62 1176 286
i1
286 -62 1176
i2
1176 286 -62
i0
-63 1179 284
i1
284 -63 1179
i2
1179 284 -63
i0
-63 1181 282
i1
282 -63 1181
i2
1181 282 -63
i0
-64 1184 280
i1
280 -64 1184
i2
1184 280 -64
i0
-65 1187 278
i1
278 -65 1187
i2
1187 278 -65
i0
-65 1189 276
i1
276 -65 1189
i2
1189 276 -65
i0
-66 1192 274
i1
274 -66 1192
i2
1192 274 -66
i0
-66 1194 272
i1
272 -66 1194
i2
1194 272 -66
i0
-66 1197 270
i1
270 -66 1197
i2
1197 270 -66
i0
-67 1200 267
i1
267 -67 1200
i2
1200 267 -67
i0
-67 1202 265
i1
265 -67 1202
i2
1202 265 -67
i0
-68 1205 263
i1
263 -68 1205
i2
1205 263 -68
i0
-68 1207 261
i1
261 -68 1207
i2
1207 261 -68
i0
-69 1210 259
i1
259 -69 1210
i2
1210 259 -69
i0
-69 1212 257
i1
257 -69 1212
i2
1212 257 -69
i0
-70 1215 255
i1
255 -70 1215
i2
1215 255 -70
i0
-70 1217 253
i1
253 -70 1217
i2
1217 253 -70
i0
-70 1220 251
i1
251 -70 1220
i2
1220 251 -70
i0
-71 1222 248
i1
248 -71 1222
i2
1222 248 -71
i0
-71 1225 246
i1
246 -71 1225
i2
1225 246 -71
i0
-71 1227 244
i1
244 -71 1227
i2
1227 244 -71
i0
-72 1230 242
i1
242 -72 1230
i2
1230 242 -72
i0
-72 1232 240
i1
240 -72 1232
i2
1232 240 -72
i0
-72 1235 238
i1
238 -72 1235
i2
1235 238 -72
i0
-73 1237 236
i1
236 -73 1237
i2
1237 236 -73
i0
-73 1240 233
i1
233 -73 1240
i2
1240 233 -73
i0
-73 1242 231
i1
231 -73 1242
i2
1242 231 -73
i0
-74 1244 229
i1
229 -74 1244
i2
1244 229 -74
i0
-74 1247 227
i1
227 -74 1247
i2
1247 227 -74
i0
-74 1249 225
i1
225 -74 1249
i2
1249 225 -74
i0
-74 1252 223
i1
223 -74 1252
i2
1252 223 -74
i0
-75 1254 221
i1
221 -75 1254
i2
1254 221 -75
i0
-75 1257 218
i1
218 -75 1257
i2
1257 218 -75
i0
-75 1259 216
i1
216 -75 1259
i2
1259 216 -75
i0
-75 1261 214
i1
214 -75 1261
i2
1261 214 -75
i0
-76 1264 212
i1
212 -76 1264
i2
1264 212 -76
i0
-76 1266 210
i1
210 -76 1266
i2
1266 210 -76
i0
-76 1268 208
i1
208 -76 1268
i2
1268 208 -76
i0
-76 1271 205
i1
205 -76 1271
i2
1271 205 -76
i0
-76 1273 203
i1
203 -76 1273
i2
1273 203 -76
i0
-77 1275 201
i1
201 -77 1275
i2
1275 201 -77
i0
-77 1278 199
i1
199 -77 1278
i2
1278 199 -77
i0
-77 1280 197
i1
197 -77 1280
i2
1280 197 -77
i0
-77 1282 195
i1
195 -77 1282
i2
1282 195 -77
i0
-77 1285 192
i1
192 -77 1285
i2
1285 192 -77
i0
-77 1287 190
i1
190 -77 1287
i2
1287 190 -77
i0
-77 1289 188
i1
188 -77 1289
i2
1289 188 -77
i0
-77 1292 186
i1
186 -77 1292
i2
1292 186 -77
i0
-78 1294 184
i1
184 -78 1294
i2
1294 184 -78
i0
-78 1296 182
i1
182 -78 1296
i2
1296 182 -78
i0
-78 1298 179
i1
179 -78 1298
i2
1298 179 -78
i0
-78 1301 177
i1
177 -78 1301
i2
1301 177 -78
i0
-78 1303 175
i1
175 -78 1303
i2
1303 175 -78
i0
-78 1305 173
i1
173 -78 1305
i2
1305 173 -78
i0
-78 1307 171
i1
171 -78 1307
i2
1307 171 -78
i0
-78 1310 168
i1
168 -78 1310
i2
1310 168 -78
i0
-78 1312 166
i1
166 -78 1312
i2
1312 166 -78
i0
-78 1314 164
i1
164 -78 1314
i2
1314 164 -78
i0
-78 1316 162
i1
162 -78 1316
i2
1316 162 -78
i0
-78 1318 160
i1
160 -78 1318
i2
1318 160 -78
i0
-78 1321 157
i1
157 -78 1321
i2
1321 157 -78
i0
-78 1323 155
i1
155 -78 1323
i2
1323 155 -78
i0
-78 1325 153
i1
153 -78 1325
i2
1325 153 -78
i0
-78 1327 151
i1
151 -78 1327
i2
1327 151 -78
i0
-78 1329 149
i1
149 -78 1329
i2
1329 149 -78
i0
-78 1331 146
i1
146 -78 1331
i2
1331 146 -78
i0
-78 1334 144
i1
144 -78 1334
i2
1334 144 -78
i0
-78 1336 142
i1
142 -78 1336
i2
1336 142 -78
i0
-78 1338 140
i1
140 -78 1338
i2
1338 140 -78
i0
-77 1340 137
i1
137 -77 1340
i2
1340 137 -77
i0
-77 1342 135
i1
135 -77 1342
i2
1342 135 -77
i0
-77 1344 133
i1
133 -77 1344
i2
1344 133 -77
i0
-77 1346 131
i1
131 -77 1346
i2
1346 131 -77
i0
-77 1348 129
i1
129 -77 1348
i2
1348 129 -77
i0
-77 1350 126
i1
126 -77 1350
i2
1350 126 -77
i0
-77 1353 124
i1
124 -77 1353
i2
1353 124 -77
i0
-77 1355 122
i1
122 -77 1355
i2
1355 122 -77
i0
-76 1357 120
i1
120 -76 1357
i2
1357 120 -76
i0
-76 1359 117
i1
117 -76 1359
i2
1359 117 -76
i0
-76 1361 115
i1
115 -76 1361
i2
1361 115 -76
i0
-76 1363 113
i1
113 -76 1363
i2
1363 113 -76
i0
-76 1365 111
i1
111 -76 1365
i2
1365 111 -76
i0
-75 1367 109
i1
109 -75 1367
i2
1367 109 -75
i0
-75 1369 106
i1
106 -75 1369
i2
1369 106 -75
i0
-75 1371 104
i1
104 -75 1371
i2
1371 104 -75
i0
-75 1373 102
i1
102 -75 1373
i2
1373 102 -75
i0
-75 1375 100
i1
100 -75 1375
i2
1375 100 -75
i0
-74 1377 97
i1
97 -74 1377
i2
1377 97 -74
i0
-74 1379 95
i1
95 -74 1379
i2
1379 95 -74
i0
-74 1381 93
i1
93 -74 1381
i2
1381 93 -74
i0
-74 1383 91
i1
91 -74 1383
i2
1383 91 -74
i0
-73 1385 88
i1
88 -73 1385
i2
1385 88 -73
i0
-73 1387 86
i1
86 -73 1387
i2
1387 86 -73
i0
-73 1389 84
i1
84 -73 1389
i2
1389 84 -73
i0
-72 1391 82
i1
82 -72 1391
i2
1391 82 -72
i0
-72 1393 79
i1
79 -72 1393
i2
1393 79 -72
i0
-72 1395 77
i1
77 -72 1395
i2
1395 77 -72
i0
-71 1397 75
i1
75 -71 1397
i2
1397 75 -71
i0
-71 1398 73
i1
73 -71 1398
i2
1398 73 -71
i0
-71 1400 70
i1
70 -71 1400
i2
1400 70 -71
i0
-70 1402 68
i1
68 -70 1402
i2
1402 68 -70
i0
-70 1404 66
i1
66 -70 1404
i2
1404 66 -70
i0
-70 1406 64
i1
64 -70 1406
i2
1406 64 -70
i0
-69 1408 61
i1
61 -69 1408
i2
1408 61 -69
i0
-69 1410 59
i1
59 -69 1410
i2
1410 59 -69
i0
-69 1412 57
i1
57 -69 1412
i2
1412 57 -69
i0
-68 1413 55
i1
55 -68 1413
i2
1413 55 -68
i0
-68 1415 52
i1
52 -68 1415
i2
1415 52 -68
i0
-67 1417 50
i1
50 -67 1417
i2
1417 50 -67
i0
-67 1419 48
i1
48 -67 1419
i2
1419 48 -67
i0
-67 1421 46
i1
46 -67 1421
i2
1421 46 -67
i0
-66 1423 43
i1
43 -66 1423
i2
1423 43 -66
i0
-66 1425 41
i1
41 -66 1425
i2
1425 41 -66
i0
-65 1426 39
i1
39 -65 1426
i2
1426 39 -65
i0
-65 1428 37
i1
37 -65 1428
i2
1428 37 -65
i0
-64 1430 34
i1
34 -64 1430
i2
1430 34 -64
i0
-64 1432 32
i1
32 -64 1432
i2
1432 32 -64
i0
-63 1433 30
i1
30 -63 1433
i2
1433 30 -63
i0
-63 1435 28
i1
28 -63 1435
i2
1435 28 -63
i0
-62 1437 25
i1
25 -62 1437
i2
1437 25 -62
i0
-62 1439 23
i1
23 -62 1439
i2
1439 23 -62
i0
-61 1441 21
i1
21 -61 1441
i2
1441 21 -61
i0
-61 1442 19
i1
19 -61 1442
i2
1442 19 -61
i0
-60 1444 16
i1
16 -60 1444
i2
1444 16 -60
i0
-60 1446 14
i1
14 -60 1446
i2
1446 14 -60
i0
-59 1447 12
i1
12 -59 1447
i2
1447 12 -59
i0
-59 1449 10
i1
10 -59 1449
i2
1449 10 -59
i0
-58 1451 7
i1
7 -58 1451
i2
1451 7 -58
i0
-58 1453 5
i1
5 -58 1453
i2
1453 5 -58
i0
-57 1454 3
i1
3 -57 1454
i2
1454 3 -57
i0
-56 1456 0
i1
0 -56 1456
i2
1456 0 -56
i0
-56 1458 -2
i1
-2 -56 1458
i2
1458 -2 -56
i0
-55 1459 -4
i1
-4 -55 1459
i2
1459 -4 -55
i0
-55 1461 -6
i1
-6 -55 1461
i2
1461 -6 -55
i0
-54 1463 -9
i1
-9 -54 1463
i2
1463 -9 -54
i0
-54 1464 -11
i1
-11 -54 1464
i2
1464 -11 -54
i0
-53 1466 -13
i1
-13 -53 1466
i2
1466 -13 -53
i0
-52 1468 -15
i1
-15 -52 1468
i2
1468 -15 -52
i0
-52 1469 -18
i1
-18 -52 1469
i2
1469 -18 -52
i0
-51 1471 -20
i1
-20 -51 1471
i2
1471 -20 -51
i0
-50 1473 -22
i1
-22 -50 1473
i2
1473 -22 -50
i0
-50 1474 -24
i1
-24 -50 1474
i2
1474 -24 -50
i0
-49 1476 -27
i1
-27 -49 1476
i2
1476 -27 -49
i0
-48 1477 -29
i1
-29 -48 1477
i2
1477 -29 -48
i0
-48 1479 -31
i1
-31 -48 1479
i2
1479 -31 -48
i0
-47 1481 -34
i1
-34 -47 1481
i2
1481 -34 -47
i0
-46 1482 -36
i1
-36 -46 1482
i2
1482 -36 -46
i0
-46 1484 -38
i1
-38 -46 1484
i2
1484 -38 -46
i0
-45 1485 -40
i1
-40 -45 1485
i2
1485 -40 -45
i0
-44 1487 -43
i1
-43 -44 1487
i2
1487 -43 -44
i0
-44 1488 -45
i1
-45 -44 1488
i2
1488 -45 -44
i0
-43 1490 -47
i1
-47 -43 1490
i2
1490 -47 -43
i0
-42 1491 -49
i1
-49 -42 1491
i2
1491 -49 -42
i0
-41 1493 -52
i1
-52 -41 1493
i2
1493 -52 -41
i0
-41 1495 -54
i1
-54 -41 1495
i2
1495 -54 -41
i0
-40 1496 -56
i1
-56 -40 1496
i2
1496 -56 -40
i0
-39 1498 -58
i1
-58 -39 1498
i2
1498 -58 -39
i0
-38 1499 -61
i1
-61 -38 1499
i2
1499 -61 -38
i0
-38 1501 -63
i1
-63 -38 1501
i2
1501 -63 -38
i0
-37 1502 -65
i1
-65 -37 1502
i2
1502 -65 -37
i0
-36 1504 -68
i1
-68 -36 1504
i2
1504 -68 -36
i0
-35 1505 -70
i1
-70 -35 1505
i2
1505 -70 -35
i0
-34 1506 -72
i1
-72 -34 1506
i2
1506 -72 -34
i0
-34 1508 -74
i1
-74 -34 1508
i2
1508 -74 -34
i0
-33 1509 -77
i1
-77 -33 1509
i2
1509 -77 -33
i0
-32 1511 -79
i1
-79 -32 1511
i2
1511 -79 -32
i0
-31 1512 -81
i1
-81 -31 1512
i2
1512 -81 -31
i0
-30 1514 -83
i1
-83 -30 1514
i2
1514 -83 -30
i0
-30 1515 -86
i1
-86 -30 1515
i2
1515 -86 -30
i0
-29 1517 -88
i1
-88 -29 1517
i2
1517 -88 -29
i0
-28 1518 -90
i1
-90 -28 1518
i2
1518 -90 -28
i0
-27 1519 -92
i1
-92 -27 1519
i2
1519 -92 -27
i0
-26 1521 -95
i1
-95 -26 1521
i2
1521 -95 -26
i0
-25 1522 -97
i1
-97 -25 1522
i2
1522 -97 -25
i0
-24 1524 -99
i1
-99 -24 1524
i2
1524 -99 -24
i0
-24 1525 -101
i1
-101 -24 1525
i2
1525 -101 -24
i0
-23 1526 -104
i1
-104 -23 1526
i2
1526 -104 -23
i0
-22 1528 -106
i1
-106 -22 1528
i2
1528 -106 -22
i0
-21 1529 -108
i1
-108 -21 1529
i2
1529 -108 -21
i0
-20 1530 -111
i1
-111 -20 1530
i2
1530 -111 -20
i0
-19 1532 -113
i1
-113 -19 1532
i2
1532 -113 -19
i0
-18 1533 -115
i1
-115 -18 1533
i2
1533 -115 -18
i0
-17 1534 -117
i1
-117 -17 1534
i2
1534 -117 -17
i0
-16 1536 -120
i1
-120 -16 1536
i2
1536 -120 -16
i0
-15 1537 -122
i1
-122 -15 1537
i2
1537 -122 -15
i0
-14 1538 -124
i1
-124 -14 1538
i2
1538 -124 -14
i0
-13 1540 -126
i1
-126 -13 1540
i2
1540 -126 -13
i0
-12 1541 -129
i1
-129 -12 1541
i2
1541 -129 -12
i0
-11 1542 -131
i1
-131 -11 1542
i2
1542 -131 -11
i0
-11 1544 -133
i1
-133 -11 1544
i2
1544 -133 -11
i0
-10 1545 -135
i1
-135 -10 1545
i2
1545 -135 -10
i0
-9 1546 -138
i1
-138 -9 1546
i2
1546 -138 -9
i0
-8 1547 -140
i1
-140 -8 1547
i2
1547 -140 -8
i0
-7 1549 -142
i1
-142 -7 1549
i2
1549 -142 -7
i0
-6 1550 -144
i1
-144 -6 1550
i2
1550 -144 -6
i0
-5 1551 -147
i1
-147 -5 1551
i2
1551 -147 -5
i0
-4 1552 -149
i1
-149 -4 1552
i2
1552 -149 -4
i0
-3 1554 -151
i1
-151 -3 1554
i2
1554 -151 -3
i0
-2 1555 -153
i1
-153 -2 1555
i2
1555 -153 -2
i0
-0 1556 -156
i1
-156 -0 1556
i2
1556 -156 -0
i0
1 1557 -158
i1
-158 1 1557
i2
1557 -158 1
i0
2 1559 -160
i1
-160 2 1559
i2
1559 -160 2
i0
3 1560 -162
i1
-162 3 1560
i2
1560 -162 3
i0
4 1561 -165
i1
-165 4 1561
i2
1561 -165 4
i0
5 1562 -167
i1
-167 5 1562
i2
1562 -167 5
i0
6 1563 -169
i1
-169 6 1563
i2
1563 -169 6
i0
7 1565 -171
i1
-171 7 1565
i2
1565 -171 7
i0
8 1566 -174
i1
-174 8 1566
i2
1566 -174 8
i0
9 1567 -176
i1
-176 9 1567
i2
1567 -176 9
i0
10 1568 -178
i1
-178 10 1568
i2
1568 -178 10
i0
11 1569 -180
i1
-180 11 1569
i2
1569 -180 11
i0
12 1570 -183
i1
-183 12 1570
i2
1570 -183 12
i0
13 1571 -185
i1
-185 13 1571
i2
1571 -185 13
i0
15 1573 -187
i1
-187 15 1573
i2
1573 -187 15
i0
16 1574 -189
i1
-189 16 1574
i2
1574 -189 16
i0
17 1575 -192
i1
-192 17 1575
i2
1575 -192 17
i0
18 1576 -194
i1
-194 18 1576
i2
1576 -194 18
i0
19 1577 -196
i1
-196 19 1577
i2
1577 -196 19
i0
20 1578 -198
i1
-198 20 1578
i2
1578 -198 20
i0
21 1579 -201
i1
-201 21 1579
i2
1579 -201 21
i0
23 1580 -203
i1
-203 23 1580
i2
1580 -203 23
i0
24 1581 -205
i1
-205 24 1581
i2
1581 -205 24
i0
25 1582 -207
i1
-207 25 1582
i2
1582 -207 25
i0
26 1583 -209
i1
-209 26 1583
i2
1583 -209 26
i0
27 1584 -212
i1
-212 27 1584
i2
1584 -212 27
i0
28 1586 -214
i1
-214 28 1586
i2
1586 -214 28
i0
30 1587 -216
i1
-216 30 1587
i2
1587 -216 30
i0
31 1588 -218
i1
-218 31 1588
i2
1588 -218 31
i0
32 1589 -221
i1
-221 32 1589
i2
1589 -221 32
i0
33 1590 -223
i1
-223 33 1590
i2
1590 -223 33
i0
34 1591 -225
i1
-225 34 1591
i2
1591 -225 34
i0
36 1592 -227
i1
-227 36 1592
i2
1592 -227 36
i0
37 1593 -230
i1
-230 37 1593
i2
1593 -230 37
i0
38 1594 -232
i1
-232 38 1594
i2
1594 -232 38
i0
39 1595 -234
i1
-234 39 1595
i2
1595 -234 39
i0
41 1596 -236
i1
-236 41 1596
i2
1596 -236 41
i0
42 1597 -238
i1
-238 42 1597
i2
1597 -238 42
i0
43 1598 -241
i1
-241 43 1598
i2
1598 -241 43
i0
44 1599 -243
i1
-243 44 1599
i2
1599 -243 44
i0
46 1600 -245
i1
-245 46 1600
i2
1600 -245 46
i0
47 1600 -247
i1
-247 47 1600
i2
1600 -247 47
i0
48 1601 -250
i1
-250 48 1601
i2
1601 -250 48
i0
49 1602 -252
i1
-252 49 1602
i2
1602 -252 49
i0
51 1603 -254
i1
-254 51 1603
i2
1603 -254 51
i0
52 1604 -256
i1
-256 52 1604
i2
1604 -256 52
i0
53 1605 -258
i1
-258 53 1605
i2
1605 -258 53
i0
55 1606 -261
i1
-261 55 1606
i2
1606 -261 55
i0
56 1607 -263
i1
-263 56 1607
i2
1607 -263 56
i0
57 1608 -265
i1
-265 57 1608
i2
1608 -265 57
i0
59 1609 -267
i1
-267 59 1609
i2
1609 -267 59
i0
60 1610 -269
i1
-269 60 1610
i2
1610 -269 60
i0
61 1610 -272
i1
-272 61 1610
i2
1610 -272 61
i0
63 1611 -274
i1
-274 63 1611
i2
1611 -274 63
i0
64 1612 -276
i1
-276 64 1612
i2
1612 -276 64
i0
65 1613 -278
i1
-278 65 1613
i2
1613 -278 65
i0
67 1614 -280
i1
-280 67 1614
i2
1614 -280 67
i0
68 1615 -283
i1
-283 68 1615
i2
1615 -283 68
i0
69 1616 -285
i1
-285 69 1616
i2
1616 -285 69
i0
71 1616 -287
i1
-287 71 1616
i2
1616 -287 71
i0
72 1617 -289
i1
-289 72 1617
i2
1617 -289 72
i0
73 1618 -291
i1
-291 73 1618
i2
1618 -291 73
i0
75 1619 -294
i1
-294 75 1619
i2
1619 -294 75
i0
76 1620 -296
i1
-296 76 1620
i2
1620 -296 76
i0
78 1620 -298
i1
-298 78 1620
i2
1620 -298 78
i0
79 1621 -300
i1
-300 79 1621
i2
1621 -300 79
i0
80 1622 -302
i1
-302 80 1622
i2
1622 -302 80
i0
82 1623 -305
i1
-305 82 1623
i2
1623 -305 82
i0
83 1624 -307
i1
-307 83 1624
i2
1624 -307 83
i0
85 1624 -309
i1
-309 85 1624
i2
1624 -309 85
i0
86 1625 -311
i1
-311 86 1625
i2
1625 -311 86
i0
87 1626 -313
i1
-313 87 1626
i2
1626 -313 87
i0
89 1627 -315
i1
-315 89 1627
i2
1627 -315 89
i0
90 1627 -318
i1
-318 90 1627
i2
1627 -318 90
i0
92 1628 -320
i1
-320 92 1628
i2
1628 -320 92
i0
93 1629 -322
i1
-322 93 1629
i2
1629 -322 93
i0
95 1630 -324
i1
-324 95 1630
i2
1630 -324 95
i0
96 1630 -326
i1
-326 96 1630
i2
1630 -326 96
i0
98 1631 -329
i1
-329 98 1631
i2
1631 -329 98
i0
99 1632 -331
i1
-331 99 1632
i2
1632 -331 99
i0
101 1632 -333
i1
-333 101 1632
i2
1632 -333 101
i0
102 1633 -335
i1
-335 102 1633
i2
1633 -335 102
i0
104 1634 -337
i1
-337 104 1634
i2
1634 -337 104
i0
105 1634 -339
i1
-339 105 1634
i2
1634 -339 105
i0
106 1635 -342
i1
-342 106 1635
i2
1635 -342 106
i0
108 1636 -344
i1
-344 108 1636
i2
1636 -344 108
i0
110 1636 -346
i1
-346 110 1636
i2
1636 -346 110
i0
111 1637 -348
i1
-348 111 1637
i2
1637 -348 111
i0
113 1638 -350
i1
-350 113 1638
i2
1638 -350 113
i0
114 1638 -352
i1
-352 114 1638
i2
1638 -352 114
i0
116 1639 -354
i1
-354 116 1639
i2
1639 -354 116
i0
117 1640 -357
i1
-357 117 1640
i2
1640 -357 117
i0
119 1640 -359
i1
-359 119 1640
i2
1640 -359 119
i0
120 1641 -361
i1
-361 120 1641
i2
1641 -361 120
i0
122 1641 -363
i1
-363 122 1641
i2
1641 -363 122
i0
123 1642 -365
i1
-365 123 1642
i2
1642 -365 123
i0
125 1643 -367
i1
-367 125 1643
i2
1643 -367 125
i0
126 1643 -370
i1
-370 126 1643
i2
1643 -370 126
i0
128 1644 -372
i1
-372 128 1644
i2
1644 -372 128
i0
130 1644 -374
i1
-374 130 1644
i2
1644 -374 130
i0
131 1645 -376
i1
-376 131 1645
i2
1645 -376 131
i0
133 1645 -378
i1
-378 133 1645
i2
1645 -378 133
i0
134 1646 -380
i1
-380 134 1646
i2
1646 -380 134
i0
136 1647 -382
i1
-382 136 1647
i2
1647 -382 136
i0
137 1647 -384
i1
-384 137 1647
i2
1647 -384 137
i0
139 1648 -387
i1
-387 139 1648
i2
1648 -387 139
i0
141 1648 -389
i1
-389 141 1648
i2
1648 -389 141
i0
142 1649 -391
i1
-391 142 1649
i2
1649 -391 142
i0
144 1649 -393
i1
-393 144 1649
i2
1649 -393 144
i0
145 1650 -395
i1
-395 145 1650
i2
1650 -395 145
i0
147 1650 -397
i1
-397 147 1650
i2
1650 -397 147
i0
149 1651 -399
i1
-399 149 1651
i2
1651 -399 149
i0
150 1651 -401
i1
-401 150 1651
i2
1651 -401 150
i0
152 1652 -404
i1
-404 152 1652
i2
1652 -404 152
i0
154 1652 -406
i1
-406 154 1652
i2
1652 -406 154
i0
155 1653 -408
i1
-408 155 1653
i2
1653 -408 155
i0
157 1653 -410
i1
-410 157 1653
i2
1653 -410 157
i0
159 1653 -412
i1
-412 159 1653
i2
1653 -412 159
i0
160 1654 -414
i1
-414 160 1654
i2
1654 -414 160
i0
162 1654 -416
i1
-416 162 1654
i2
1654 -416 162
i0
164 1655 -418
i1
-418 164 1655
i2
1655 -418 164
i0
165 1655 -420
i1
-420 165 1655
i2
1655 -420 165
i0
167 1656 -423
i1
-423 167 1656
i2
1656 -423 167
i0
169 1656 -425
i1
-425 169 1656
i2
1656 -425 169
i0
170 1656 -427
i1
-427 170 1656
i2
1656 -427 170
i0
172 1657 -429
i1
-429 172 1657
i2
1657 -429 172
i0
174 1657 -431
i1
-431 174 1657
i2
1657 -431 174
i0
175 1658 -433
i1
-433 175 1658
i2
1658 -433 175
i0
177 1658 -435
i1
-435 177 1658
i2
1658 -435 177
i0
179 1658 -437
i1
-437 179 1658
i2
1658 -437 179
i0
181 1659 -439
i1
-439 181 1659
i2
1659 -439 181
i0
182 1659 -441
i1
-441 182 1659
i2
1659 -441 182
i0
184 1660 -444
i1
-444 184 1660
i2
1660 -444 184
i0
186 1660 -446
i1
-446 186 1660
i2
1660 -446 186
i0
187 1660 -448
i1
-448 187 1660
i2
1660 -448 187
i0
189 1661 -450
i1
-450 189 1661
i2
1661 -450 189
i0
191 1661 -452
i1
-452 191 1661
i2
1661 -452 191
i0
193 1661 -454
i1
-454 193 1661
i2
1661 -454 193
i0
194 1662 -456
i1
-456 194 1662
i2
1662 -456 194
i0
196 1662 -458
i1
-458 196 1662
i2
1662 -458 196
i0
198 1662 -460
i1
-460 198 1662
i2
1662 -460 198
i0
200 1663 -462
i1
-462 200 1663
i2
1663 -462 200
i0
201 1663 -464
i1
-464 201 1663
i2
1663 -464 201
i0
203 1663 -466
i1
-466 203 1663
i2
1663 -466 203
i0
205 1663 -468
i1
-468 205 1663
i2
1663 -468 205
i0
207 1664 -470
i1
-470 207 1664
i2
1664 -470 207
i0
209 1664 -472
i1
-472 209 1664
i2
1664 -472 209
i0
210 1664 -475
i1
-475 210 1664
i2
1664 -475 210
i0
212 1664 -477
i1
-477 212 1664
i2
1664 -477 212
i0
214 1665 -479
i1
-479 214 1665
i2
1665 -479 214
i0
216 1665 -481
i1
-481 216 1665
i2
1665 -481 216
i0
217 1665 -483
i1
-483 217 1665
i2
1665 -483 217
i0
219 1665 -485
i1
-485 219 1665
i2
1665 -485 219
i0
221 1666 -487
i1
-487 221 1666
i2
1666 -487 221
i0
223 1666 -489
i1
-489 223 1666
i2
1666 -489 223
i0
225 1666 -491
i1
-491 225 1666
i2
1666 -491 225
i0
227 1666 -493
i1
-493 227 1666
i2
1666 -493 227
i0
228 1667 -495
i1
-495 228 1667
i2
1667 -495 228
i0
230 1667 -497
i1
-497 230 1667
i2
1667 -497 230
i0
232 1667 -499
i1
-499 232 1667
i2
1667 -499 232
i0
234 1667 -501
i1
-501 234 1667
i2
1667 -501 234
i0
236 1667 -503
i1
-503 236 1667
i2
1667 -503 236
i0
238 1667 -505
i1
-505 238 1667
i2
1667 -505 238
i0
239 1668 -507
i1
-507 239 1668
i2
1668 -507 239
i0
241 1668 -509
i1
-509 241 1668
i2
1668 -509 241
i0
243 1668 -511
i1
-511 243 1668
i2
1668 -511 243
i0
245 1668 -513
i1
-513 245 1668
i2
1668 -513 245
i0
247 1668 -515
i1
-515 247 1668
i2
1668 -515 247
i0
249 1668 -517
i1
-517 249 1668
i2
1668 -517 249
i0
251 1668 -519
i1
-519 251 1668
i2
1668 -519 251
i0
253 1669 -521
i1
-521 253 1669
i2
1669 -521 253
i0
254 1669 -523
i1
-523 254 1669
i2
1669 -523 254
i0
256 1669 -525
i1
-525 256 1669
i2
1669 -525 256
i0
258 1669 -527
i1
-527 258 1669
i2
1669 -527 258
i0
260 1669 -529
i1
-529 260 1669
i2
1669 -529 260
i0
262 1669 -531
i1
-531 262 1669
i2
1669 -531 262
i0
264 1669 -533
i1
-533 264 1669
i2
1669 -533 264
i0
266 1669 -535
i1
-535 266 1669
i2
1669 -535 266
i0
268 1669 -537
i1
-537 268 1669
i2
1669 -537 268
i0
270 1669 -539
i1
-539 270 1669
i2
1669 -539 270
i0
272 1669 -541
i1
-541 272 1669
i2
1669 -541 272
i0
274 1670 -543
i1
-543 274 1670
i2
1670 -543 274
i0
275 1670 -545
i1
-545 275 1670
i2
1670 -545 275
i0
277 1670 -547
i1
-547 277 1670
i2
1670 -547 277
i0
279 1670 -549
i1
-549 279 1670
i2
1670 -549 279
i0
281 1670 -551
i1
-551 281 1670
i2
1670 -551 281
i0
283 1670 -553
i1
-553 283 1670
i2
1670 -553 283
i0
285 1670 -555
i1
-555 285 1670
i2
1670 -555 285
i0
287 1670 -557
i1
-557 287 1670
i2
1670 -557 287
i0
289 1670 -559
i1
-559 289 1670
i2
1670 -559 289
i0
291 1670 -561
i1
-561 291 1670
i2
1670 -561 291
i0
293 1670 -563
i1
-563 293 1670
i2
1670 -563 293
i0
295 1670 -565
i1
-565 295 1670
i2
1670 -565 295
i0
297 1670 -567
i1
-567 297 1670
i2
1670 -567 297
i0
299 1670 -569
i1
-569 299 1670
i2
1670 -569 299
i0
301 1670 -571
i1
-571 301 1670
i2
1670 -571 301
i0
303 1670 -573
i1
-573 303 1670
i2
1670 -573 303
i0
305 1670 -574
i1
-574 305 1670
i2
1670 -574 305
i0
307 1670 -576
i1
-576 307 1670
i2
1670 -576 307
i0
309 1669 -578
i1
-578 309 1669
i2
1669 -578 309
i0
311 1669 -580
i1
-580 311 1669
i2
1669 -580 311
i0
313 1669 -582
i1
-582 313 1669
i2
1669 -582 313
i0
315 1669 -584
i1
-584 315 1669
i2
1669 -584 315
i0
317 1669 -586
i1
-586 317 1669
i2
1669 -586 317
i0
319 1669 -588
i1
-588 319 1669
i2
1669 -588 319
i0
321 1669 -590
i1
-590 321 1669
i2
1669 -590 321
i0
323 1669 -592
i1
-592 323 1669
i2
1669 -592 323
i0
325 1669 -594
i1
-594 325 1669
i2
1669 -594 325
i0
327 1669 -596
i1
-596 327 1669
i2
1669 -596 327
i0
329 1669 -598
i1
-598 329 1669
i2
1669 -598 329
i0
331 1668 -600
i1
-600 331 1668
i2
1668 -600 331
i0
333 1668 -601
i1
-601 333 1668
i2
1668 -601 333
i0
335 1668 -603
i1
-603 335 1668
i2
1668 -603 335
i0
337 1668 -605
i1
-605 337 1668
i2
1668 -605 337
i0
339 1668 -607
i1
-607 339 1668
i2
1668 -607 339
i0
341 1668 -609
i1
-609 341 1668
i2
1668 -609 341
i0
343 1668 -611
i1
-611 343 1668
i2
1668 -611 343
i0
345 1667 -613
i1
-613 345 1667
i2
1667 -613 345
i0
348 1667 -615
i1
-615 348 1667
i2
1667 -615 348
i0
350 1667 -617
i1
-617 350 1667
i2
1667 -617 350
i0
352 1667 -618
i1
-618 352 1667
i2
1667 -618 352
i0
354 1667 -620
i1
-620 354 1667
i2
1667 -620 354
i0
356 1666 -622
i1
-622 356 1666
i2
1666 -622 356
i0
358 1666 -624
i1
-624 358 1666
i2
1666 -624 358
i0
360 1666 -626
i1
-626 360 1666
i2
1666 -626 360
i0
362 1666 -628
i1
-628 362 1666
i2
1666 -628 362
i0
364 1666 -630
i1
-630 364 1666
i2
1666 -630 364
i0
366 1665 -632
i1
-632 366 1665
i2
1665 -632 366
i0
368 1665 -633
i1
-633 368 1665
i2
1665 -633 368
i0
370 1665 -635
i1
-635 370 1665
i2
1665 -635 370
i0
373 1665 -637
i1
-637 373 1665
i2
1665 -637 373
i0
375 1664 -639
i1
-639 375 1664
i2
1664 -639 375
i0
377 1664 -641
i1
-641 377 1664
i2
1664 -641 377
i0
379 1664 -643
i1
-643 379 1664
i2
1664 -643 379
i0
381 1664 -645
i1
-645 381 1664
i2
1664 -645 381
i0
383 1663 -646
i1
-646 383 1663
i2
1663 -646 383
i0
385 1663 -648
i1
-648 385 1663
i2
1663 -648 385
i0
387 1663 -650
i1
-650 387 1663
i2
1663 -650 387
i0
390 1662 -652
i1
-652 390 1662
i2
1662 -652 390
i0
392 1662 -654
i1
-654 392 1662
i2
1662 -654 392
i0
394 1662 -656
i1
-656 394 1662
i2
1662 -656 394
i0
396 1662 -657
i1
-657 396 1662
i2
1662 -657 396
i0
398 1661 -659
i1
-659 398 1661
i2
1661 -659 398
i0
400 1661 -661
i1
-661 400 1661
i2
1661 -661 400
i0
402 1661 -663
i1
-663 402 1661
i2
1661 -663 402
i0
405 1660 -665
i1
-665 405 1660
i2
1660 -665 405
i0
407 1660 -667
i1
-667 407 1660
i2
1660 -667 407
i0
409 1660 -668
i1
-668 409 1660
i2
1660 -668 409
i0
411 1659 -670
i1
-670 411 1659
i2
1659 -670 411
i0
413 1659 -672
i1
-672 413 1659
i2
1659 -672 413
i0
415 1658 -674
i1
-674 415 1658
i2
1658 -674 415
i0
418 1658 -676
i1
-676 418 1658
i2
1658 -676 418
i0
420 1658 -677
i1
-677 420 1658
i2
1658 -677 420
i0
422 1657 -679
i1
-679 422 1657
i2
1657 -679 422
i0
424 1657 -681
i1
-681 424 1657
i2
1657 -681 424
i0
426 1657 -683
i1
-683 426 1657
i2
1657 -683 426
i0
429 1656 -685
i1
-685 429 1656
i2
1656 -685 429
i0
431 1656 -686
i1
-686 431 1656
i2
1656 -686 431
i0
433 1655 -688
i1
-688 433 1655
i2
1655 -688 433
i0
435 1655 -690
i1
-690 435 1655
i2
1655 -690 435
i0
437 1654 -692
i1
-692 437 1654
i2
1654 -692 437
i0
440 1654 -694
i1
-694 440 1654
i2
1654 -694 440
i0
442 1654 -695
i1
-695 442 1654
i2
1654 -695 442
i0
444 1653 -697
i1
-697 444 1653
i2
1653 -697 444
i0
446 1653 -699
i1
-699 446 1653
i2
1653 -699 446
i0
448 1652 -701
i1
-701 448 1652
i2
1652 -701 448
i0
451 1652 -702
i1
-702 451 1652
i2
1652 -702 451
i0
453 1651 -704
i1
-704 453 1651
i2
1651 -704 453
i0
455 1651 -706
i1
-706 455 1651
i2
1651 -706 455
i0
457 1650 -708
i1
-708 457 1650
i2
1650 -708 457
i0
460 1650 -709
i1
-709 460 1650
i2
1650 -709 460
i0
462 1649 -711
i1
-711 462 1649
i2
1649 -711 462
i0
464 1649 -713
i1
-713 464 1649
i2
1649 -713 464
i0
466 1648 -715
i1
-715 466 1648
i2
1648 -715 466
i0
468 1648 -716
i1
-716 468 1648
i2
1648 -716 468
i0
471 1647 -718
i1
-718 471 1647
i2
1647 -718 471
i0
473 1647 -720
i1
-720 473 1647
i2
1647 -720 473
i0
475 1646 -721
i1
-721 475 1646
i2
1646 -721 475
i0
478 1646 -723
i1
-723 478 1646
i2
1646 -723 478
i0
480 1645 -725
i1
-725 480 1645
i2
1645 -725 480
i0
482 1645 -727
i1
-727 482 1645
i2
1645 -727 482
i0
484 1644 -728
i1
-728 484 1644
i2
1644 -728 484
i0
487 1644 -730
i1
-730 487 1644
i2
1644 -730 487
i0
489 1643 -732
i1
-732 489 1643
i2
1643 -732 489
i0
491 1642 -733
i1
-733 491 1642
i2
1642 -733 491
i0
493 1642 -735
i1
-735 493 1642
i2
1642 -735 493
i0
496 1641 -737
i1
-737 496 1641
i2
1641 -737 496
i0
498 1641 -739
i1
-739 498 1641
i2
1641 -739 498
i0
500 1640 -740
i1
-740 500 1640
i2
1640 -740 500
i0
503 1639 -742
i1
-742 503 1639
i2
1639 -742 503
i0
505 1639 -744
i1
-744 505 1639
i2
1639 -744 505
i0
507 1638 -745
i1
-745 507 1638
i2
1638 -745 507
i0
509 1638 -747
i1
-747 509 1638
i2
1638 -747 509
i0
512 1637 -749
i1
-749 512 1637
i2
1637 -749 512
i0
514 1636 -750
i1
-750 514 1636
i2
1636 -750 514
i0
516 1636 -752
i1
-752 516 1636
i2
1636 -752 516
i0
519 1635 -754
i1
-754 519 1635
i2
1635 -754 519
i0
521 1634 -755
i1
-755 521 1634
i2
1634 -755 521
i0
523 1634 -757
i1
-757 523 1634
i2
1634 -757 523
i0
526 1633 -759
i1
-759 526 1633
i2
1633 -759 526
i0
528 1632 -760
i1
-760 528 1632
i2
1632 -760 528
i0
530 1632 -762
i1
-762 530 1632
i2
1632 -762 530
i0
533 1631 -764
i1
-764 533 1631
i2
1631 -764 533
i0
535 1630 -765
i1
-765 535 1630
i2
1630 -765 535
i0
537 1630 -767
i1
-767 537 1630
i2
1630 -767 537
i0
540 1629 -769
i1
-769 540 1629
i2
1629 -769 540
i0
542 1628 -770
i1
-770 542 1628
i2
1628 -770 542
i0
544 1628 -772
i1
-772 544 1628
i2
1628 -772 544
i0
547 1627 -774
i1
-774 547 1627
i2
1627 -774 547
i0
549 1626 -775
i1
-775 549 1626
i2
1626 -775 549
i0
551 1625 -777
i1
-777 551 1625
i2
1625 -777 551
i0
554 1625 -778
i1
-778 554 1625
i2
1625 -778 554
i0
556 1624 -780
i1
-780 556 1624
i2
1624 -780 556
i0
558 1623 -782
i1
-782 558 1623
i2
1623 -782 558
i0
561 1623 -783
i1
-783 561 1623
i2
1623 -783 561
i0
563 1622 -785
i1
-785 563 1622
i2
1622 -785 563
i0
565 1621 -786
i1
-786 565 1621
i2
1621 -786 565
i0
568 1620 -788
i1
-788 568 1620
i2
1620 -788 568
i0
570 1619 -790
i1
-790 570 1619
i2
1619 -790 570
i0
573 1619 -791
i1
-791 573 1619
i2
1619 -791 573
i0
575 1618 -793
i1
-793 575 1618
i2
1618 -793 575
i0
577 1617 -794
i1
-794 577 1617
i2
1617 -794 577
i0
580 1616 -796
i1
-796 580 1616
i2
1616 -796 580
i0
582 1616 -798
i1
-798 582 1616
i2
1616 -798 582
i0
584 1615 -799
i1
-799 584 1615
i2
1615 -799 584
i0
587 1614 -801
i1
-801 587 1614
i2
1614 -801 587
i0
589 1613 -802
i1
-802 589 1613
i2
1613 -802 589
i0
592 1612 -804
i1
-804 592 1612
i2
1612 -804 592
i0
594 1611 -805
i1
-805 594 1611
i2
1611 -805 594
i0
596 1611 -807
i1
-807 596 1611
i2
1611 -807 596
i0
599 1610 -809
i1
-809 599 1610
i2
1610 -809 599
i0
601 1609 -810
i1
-810 601 1609
i2
1609 -810 601
i0
604 1608 -812
i1
-812 604 1608
i2
1608 -812 604
i0
606 1607 -813
i1
-813 606 1607
i2
1607 -813 606
i0
608 1606 -815
i1
-815 608 1606
i2
1606 -815 608
i0
611 1606 -816
i1
-816 611 1606
i2
1606 -816 611
i0
613 1605 -818
i1
-818 613 1605
i2
1605 -818 613
i0
616 1604 -819
i1
-819 616 1604
i2
1604 -819 616
i0
618 1603 -821
i1
-821 618 1603
i2
1603 -821 618
i0
620 1602 -822
i1
-822 620 1602
i2
1602 -822 620
i0
623 1601 -824
i1
-824 623 1601
i2
1601 -824 623
i0
625 1600 -825
i1
-825 625 1600
i2
1600 -825 625
i0
628 1599 -827
i1
-827 628 1599
i2
1599 -827 628
i0
630 1598 -829
i1
-829 630 1598
i2
1598 -829 630
i0
633 1597 -830
i1
-830 633 1597
i2
1597 -830 633
i0
635 1597 -832
i1
-832 635 1597
i2
1597 -832 635
i0
637 1596 -833
i1
-833 637 1596
i2
1596 -833 637
i0
640 1595 -835
i1
-835 640 1595
i2
1595 -835 640
i0
642 1594 -836
i1
-836 642 1594
i2
1594 -836 642
i0
645 1593 -838
i1
-838 645 1593
i2
1593 -838 645
i0
647 1592 -839
i1
-839 647 1592
i2
1592 -839 647
i0
650 1591 -841
i1
-841 650 1591
i2
1591 -841 650
i0
652 1590 -842
i1
-842 652 1590
i2
1590 -842 652
i0
655 1589 -843
i1
-843 655 1589
i2
1589 -843 655
i0
657 1588 -845
i1
-845 657 1588
i2
1588 -845 657
i0
659 1587 -846
i1
-846 659 1587
i2
1587 -846 659
i0
662 1586 -848
i1
-848 662 1586
i2
1586 -848 662
i0
664 1585 -849
i1
-849 664 1585
i2
1585 -849 664
i0
667 1584 -851
i1
-851 667 1584
i2
1584 -851 667
i0
669 1583 -852
i1
-852 669 1583
i2
1583 -852 669
i0
672 1582 -854
i1
-854 672 1582
i2
1582 -854 672
i0
674 1581 -855
i1
-855 674 1581
i2
1581 -855 674
i0
677 1580 -857
i1
-857 677 1580
i2
1580 -857 677
i0
679 1579 -858
i1
-858 679 1579
i2
1579 -858 679
i0
682 1578 -860
i1
-860 682 1578
i2
1578 -860 682
i0
684 1577 -861
i1
-861 684 1577
i2
1577 -861 684
i0
687 1576 -862
i1
-862 687 1576
i2
1576 -862 687
i0
689 1575 -864
i1
-864 689 1575
i2
1575 -864 689
i0
692 1574 -865
i1
-865 692 1574
i2
1574 -865 692
i0
694 1573 -867
i1
-867 694 1573
i2
1573 -867 694
i0
697 1572 -868
i1
-868 697 1572
i2
1572 -868 697
i0
699 1571 -870
i1
-870 699 1571
i2
1571 -870 699
i0
701 1569 -871
i1
-871 701 1569
i2
1569 -871 701
i0
704 1568 -872
i1
-872 704 1568
i2
1568 -872 704
i0
706 1567 -874
i1
-874 706 1567
i2
1567 -874 706
i0
709 1566 -875
i1
-875 709 1566
i2
1566 -875 709
i0
711 1565 -877
i1
-877 711 1565
i2
1565 -877 711
i0
714 1564 -878
i1
-878 714 1564
i2
1564 -878 714
i0
716 1563 -879
i1
-879 716 1563
i2
1563 -879 716
i0
719 1562 -881
i1
-881 719 1562
i2
1562 -881 719
i0
721 1561 -882
i1
-882 721 1561
i2
1561 -882 721
i0
724 1559 -883
i1
-883 724 1559
i2
1559 -883 724
i0
726 1558 -885
i1
-885 726 1558
i2
1558 -885 726
i0
729 1557 -886
i1
-886 729 1557
i2
1557 -886 729
i0
732 1556 -888
i1
-888 732 1556
i2
1556 -888 732
i0
734 1555 -889
i1
-889 734 1555
i2
1555 -889 734
i0
737 1554 -890
i1
-890 737 1554
i2
1554 -890 737
i0
739 1553 -892
i1
-892 739 1553
i2
1553 -892 739
i0
742 1551 -893
i1
-893 742 1551
i2
1551 -893 742
i0
744 1550 -894
i1
-894 744 1550
i2
1550 -894 744
i0
747 1549 -896
i1
-896 747 1549
i2
1549 -896 747
i0
749 1548 -897
i1
-897 749 1548
i2
1548 -897 749
i0
752 1547 -898
i1
-898 752 1547
i2
1547 -898 752
i0
754 1546 -900
i1
-900 754 1546
i2
1546 -900 754
i0
757 1544 -901
i1
-901 757 1544
i2
1544 -901 757
i0
759 1543 -902
i1
-902 759 1543
i2
1543 -902 759
i0
762 1542 -904
i1
-904 762 1542
i2
1542 -904 762
i0
764 1541 -905
i1
-905 764 1541
i2
1541 -905 764
i0
767 1539 -906
i1
-906 767 1539
i2
1539 -906 767
i0
769 1538 -908
i1
-908 769 1538
i2
1538 -908 769
i0
772 1537 -909
i1
-909 772 1537
i2
1537 -909 772
i0
775 1536 -910
i1
-910 775 1536
i2
1536 -910 775
i0
777 1535 -912
i1
-912 777 1535
i2
1535 -912 777
i0
780 1533 -913
i1
-913 780 1533
i2
1533 -913 780
i0
782 1532 -914
i1
-914 782 1532
i2
1532 -914 782
i0
785 1531 -915
i1
-915 785 1531
i2
1531 -915 785
i0
787 1530 -917
i1
-917 787 1530
i2
1530 -917 787
i0
790 1528 -918
i1
-918 790 1528
i2
1528 -918 790
i0
792 1527 -919
i1
-919 792 1527
i2
1527 -919 792
i0
795 1526 -921
i1
-921 795 1526
i2
1526 -921 795
i0
797 1524 -922
i1
-922 797 1524
i2
1524 -922 797
i0
800 1523 -923
i1
-923 800 1523
i2
1523 -923 800
i0
803 1522 -924
i1
-924 803 1522
i2
1522 -924 803
i0
805 1521 -926
i1
-926 805 1521
i2
1521 -926 805
i0
808 1519 -927
i1
-927 808 1519
i2
1519 -927 808
i0
810 1518 -928
i1
-928 810 1518
i2
1518 -928 810
i0
813 1517 -929
i1
-929 813 1517
i2
1517 -929 813
i0
815 1515 -931
i1
-931 815 1515
i2
1515 -931 815
i0
818 1514 -932
i1
-932 818 1514
i2
1514 -932 818
i0
821 1513 -933
i1
-933 821 1513
i2
1513 -933 821
i0
823 1511 -934
i1
-934 823 1511
i2
1511 -934 823
i0
826 1510 -936
i1
-936 826 1510
i2
1510 -936 826
i0
828 1509 -937
i1
-937 828 1509
i2
1509 -937 828
i0
831 1507 -938
i1
-938 831 1507
i2
1507 -938 831
i0
833 1506 -939
i1
-939 833 1506
i2
1506 -939 833
i0
836 1504 -940
i1
-940 836 1504
i2
1504 -940 836
i0
839 1503 -942
i1
-942 839 1503
i2
1503 -942 839
i0
841 1502 -943
i1
-943 841 1502
i2
1502 -943 841
i0
844 1500 -944
i1
-944 844 1500
i2
1500 -944 844
i0
846 1499 -945
i1
-945 846 1499
i2
1499 -945 846
i0
849 1498 -947
i1
-947 849 1498
i2
1498 -947 849
i0
852 1496 -948
i1
-948 852 1496
i2
1496 -948 852
i0
854 1495 -949
i1
-949 854 1495
i2
1495 -949 854
i0
857 1493 -950
i1
-950 857 1493
i2
1493 -950 857
i0
859 1492 -951
i1
-951 859 1492
i2
1492 -951 859
i0
862 1490 -952
i1
-952 862 1490
i2
1490 -952 862
i0
865 1489 -954
i1
-954 865 1489
i2
1489 -954 865
i0
867 1488 -955
i1
-955 867 1488
i2
1488 -955 867
i0
870 1486 -956
i1
-956 870 1486
i2
1486 -956 870
i0
872 1485 -957
i1
-957 872 1485
i2
1485 -957 872
i0
875 1483 -958
i1
-958 875 1483
i2
1483 -958 875
i0
878 1482 -959
i1
-959 878 1482
i2
1482 -959 878
i0
880 1480 -961
i1
-961 880 1480
i2
1480 -961 880
i0
883 1479 -962
i1
-962 883 1479
i2
1479 -962 883
i0
885 1477 -963
i1
-963 885 1477
i2
1477 -963 885
i0
888 1476 -964
i1
-964 888 1476
i2
1476 -964 888
i0
891 1474 -965
i1
-965 891 1474
i2
1474 -965 891
i0
893 1473 -966
i1
-966 893 1473
i2
1473 -966 893
i0
896 1472 -967
i1
-967 896 1472
i2
1472 -967 896
i0
898 1470 -968
i1
-968 898 1470
i2
1470 -968 898
i0
901 1469 -970
i1
-970 901 1469
i2
1469 -970 901
i0
904 1467 -971
i1
-971 904 1467
i2
1467 -971 904
i0
906 1465 -972
i1
-972 906 1465
i2
1465 -972 906
i0
909 1464 -973
i1
-973 909 1464
i2
1464 -973 909
i0
912 1462 -974
i1
-974 912 1462
i2
1462 -974 912
i0
914 1461 -975
i1
-975 914 1461
i2
1461 -975 914
i0
917 1459 -976
i1
-976 917 1459
i2
1459 -976 917
i0
919 1458 -977
i1
-977 919 1458
i2
1458 -977 919
i0
922 1456 -978
i1
-978 922 1456
i2
1456 -978 922
i0
925 1455 -979
i1
-979 925 1455
i2
1455 -979 925
i0
927 1453 -980
i1
-980 927 1453
i2
1453 -980 927
i0
930 1452 -982
i1
-982 930 1452
i2
1452 -982 930
i0
933 1450 -983
i1
-983 933 1450
i2
1450 -983 933
i0
935 1449 -984
i1
-984 935 1449
i2
1449 -984 935
i0
938 1447 -985
i1
-985 938 1447
i2
1447 -985 938
i0
940 1445 -986
i1
-986 940 1445
i2
1445 -986 940
i0
943 1444 -987
i1
-987 943 1444
i2
1444 -987 943
i0
946 1442 -988
i1
-988 946 1442
i2
1442 -988 946
i0
948 1441 -989
i1
-989 948 1441
i2
1441 -989 948
i0
951 1439 -990
i1
-990 951 1439
i2
1439 -990 951
i0
954 1437 -991
i1
-991 954 1437
i2
1437 -991 954
i0
956 1436 -992
i1
-992 956 1436
i2
1436 -992 956
i0
959 1434 -993
i1
-993 959 1434
i2
1434 -993 959
i0
962 1433 -994
i1
-994 962 1433
i2
1433 -994 962
i0
964 1431 -995
i1
-995 964 1431
i2
1431 -995 964
i0
967 1429 -996
i1
-996 967 1429
i2
1429 -996 967
i0
969 1428 -997
i1
-997 969 1428
i2
1428 -997 969
i0
972 1426 -998
i1
-998 972 1426
i2
1426 -998 972
i0
975 1424 -999
i1
-999 975 1424
i2
1424 -999 975
i0
977 1423 -1000
i1
-1000 977 1423
i2
1423 -1000 977
i0
980 1421 -1001
i1
-1001 980 1421
i2
1421 -1001 980
i0
983 1419 -1002
i1
-1002 983 1419
i2
1419 -1002 983
i0
985 1418 -1003
i1
-1003 985 1418
i2
1418 -1003 985
i0
988 1416 -1004
i1
-1004 988 1416
i2
1416 -1004 988
i0
991 1414 -1005
i1
-1005 991 1414
i2
1414 -1005 991
i0
993 1413 -1006
i1
-1006 993 1413
i2
1413 -1006 993
i0
996 1411 -1007
i1
-1007 996 1411
i2
1411 -1007 996
i0
999 1409 -1008
i1
-1008 999 1409
i2
1409 -1008 999
i0
1001 1408 -1009
i1
-1009 1001 1408
i2
1408 -1009 1001
i0
1004 1406 -1010
i1
-1010 1004 1406
i2
1406 -1010 1004
i0
1007 1404 -1011
i1
-1011 1007 1404
i2
1404 -1011 1007
i0
1009 1402 -1012
i1
-1012 1009 1402
i2
1402 -1012 1009
i0
1012 1401 -1013
i1
-1013 1012 1401
i2
1401 -1013 1012
i0
1015 1399 -1014
i1
-1014 1015 1399
i2
1399 -1014 1015
i0
1017 1397 -1015
i1
-1015 1017 1397
i2
1397 -1015 1017
i0
1020 1396 -1015
i1
-1015 1020 1396
i2
1396 -1015 1020
i0
1023 1394 -1016
i1
-1016 1023 1394
i2
1394 -1016 1023
i0
1025 1392 -1017
i1
-1017 1025 1392
i2
1392 -1017 1025
i0
1028 1390 -1018
i1
-1018 1028 1390
i2
1390 -1018 1028
i0
1031 1389 -1019
i1
-1019 1031 1389
i2
1389 -1019 1031
i0
1033 1387 -1020
i1
-1020 1033 1387
i2
1387 -1020 1033
i0
1036 1385 -1021
i1
-1021 1036 1385
i2
1385 -1021 1036
i0
1039 1383 -1022
i1
-1022 1039 1383
i2
1383 -1022 1039
i0
1041 1382 -1023
i1
-1023 1041 1382
i2
1382 -1023 1041
i0
1044 1380 -1024
i1
-1024 1044 1380
i2
1380 -1024 1044
i0
1047 1378 -1025
i1
-1025 1047 1378
i2
1378 -1025 1047
i0
1049 1376 -1025
i1
-1025 1049 1376
i2
1376 -1025 1049
i0
1052 1374 -1026
i1
-1026 1052 1374
i2
1374 -1026 1052
i0
1055 1373 -1027
i1
-1027 1055 1373
i2
1373 -1027 1055
i0
1057 1371 -1028
i1
-1028 1057 1371
i2
1371 -1028 1057
i0
1060 1369 -1029
i1
-1029 1060 1369
i2
1369 -1029 1060
i0
1063 1367 -1030
i1
-1030 1063 1367
i2
1367 -1030 1063
i0
1065 1365 -1031
i1
-1031 1065 1365
i2
1365 -1031 1065
i0
1068 1364 -1031
i1
-1031 1068 1364
i2
1364 -1031 1068
i0
1071 1362 -1032
i1
-1032 1071 1362
i2
1362 -1032 1071
i0
1073 1360 -1033
i1
-1033 1073 1360
i2
1360 -1033 1073
i0
1076 1358 -1034
i1
-1034 1076 1358
i2
1358 -1034 1076
i0
1079 1356 -1035
i1
-1035 1079 1356
i2
1356 -1035 1079
