i0
450 400 400
i1
400 450 400
i2
400 400 450
i0
450 400 400
i1
400 450 400
i2
400 400 450
i0
449 400 401
i1
401 449 400
i2
400 401 449
i0
448 400 402
i1
402 448 400
i2
400 402 448
i0
447 400 403
i1
403 447 400
i2
400 403 447
i0
446 400 404
i1
404 446 400
i2
400 404 446
i0
445 400 405
i1
405 445 400
i2
400 405 445
i0
443 400 407
i1
407 443 400
i2
400 407 443
i0
441 400 409
i1
409 441 400
i2
400 409 441
i0
439 400 411
i1
411 439 400
i2
400 411 439
i0
436 401 413
i1
413 436 401
i2
401 413 436
i0
433 401 416
i1
416 433 401
i2
401 416 433
i0
429 402 419
i1
419 429 402
i2
402 419 429
i0
425 403 422
i1
422 425 403
i2
403 422 425
i0
421 404 425
i1
425 421 404
i2
404 425 421
i0
416 406 428
i1
428 416 406
i2
406 428 416
i0
411 409 431
i1
431 411 409
i2
409 431 411
i0
405 412 433
i1
433 405 412
i2
412 433 405
i0
400 415 435
i1
435 400 415
i2
415 435 400
i0
395 419 436
i1
436 395 419
i2
419 436 395
i0
390 423 437
i1
437 390 423
i2
423 437 390
i0
386 427 438
i1
438 386 427
i2
427 438 386
i0
381 431 438
i1
438 381 431
i2
431 438 381
i0
377 435 438
i1
438 377 435
i2
435 438 377
i0
373 439 438
i1
438 373 439
i2
439 438 373
i0
369 443 438
i1
438 369 443
i2
443 438 369
i0
365 447 438
i1
438 365 447
i2
447 438 365
i0
361 451 438
i1
438 361 451
i2
451 438 361
i0
358 455 437
i1
437 358 455
i2
455 437 358
i0
354 459 437
i1
437 354 459
i2
459 437 354
i0
351 463 436
i1
436 351 463
i2
463 436 351
i0
348 467 435
i1
435 348 467
i2
467 435 348
i0
345 471 434
i1
434 345 471
i2
471 434 345
i0
342 475 433
i1
433 342 475
i2
475 433 342
i0
339 478 432
i1
432 339 478
i2
478 432 339
i0
336 482 431
i1
431 336 482
i2
482 431 336
i0
334 486 430
i1
430 334 486
i2
486 430 334
i0
331 490 429
i1
429 331 490
i2
490 429 331
i0
329 493 428
i1
428 329 493
i2
493 428 329
i0
326 497 427
i1
427 326 497
i2
497 427 326
i0
324 501 425
i1
425 324 501
i2
501 425 324
i0
322 504 424
i1
424 322 504
i2
504 424 322
i0
320 508 422
i1
422 320 508
i2
508 422 320
i0
318 511 421
i1
421 318 511
i2
511 421 318
i0
316 515 419
i1
419 316 515
i2
515 419 316
i0
314 518 418
i1
418 314 518
i2
518 418 314
i0
312 522 416
i1
416 312 522
i2
522 416 312
i0
310 525 415
i1
415 310 525
i2
525 415 310
i0
308 528 413
i1
413 308 528
i2
528 413 308
i0
307 532 412
i1
412 307 532
i2
532 412 307
i0
305 535 410
i1
410 305 535
i2
535 410 305
i0
304 538 408
i1
408 304 538
i2
538 408 304
i0
302 542 406
i1
406 302 542
i2
542 406 302
i0
301 545 405
i1
405 301 545
i2
545 405 301
i0
299 548 403
i1
403 299 548
i2
548 403 299
i0
298 551 401
i1
401 298 551
i2
551 401 298
i0
297 554 399
i1
399 297 554
i2
554 399 297
i0
296 557 397
i1
397 296 557
i2
557 397 296
i0
294 560 395
i1
395 294 560
i2
560 395 294
i0
293 563 394
i1
394 293 563
i2
563 394 293
i0
292 566 392
i1
392 292 566
i2
566 392 292
i0
291 569 390
i1
390 291 569
i2
569 390 291
i0
290 572 388
i1
388 290 572
i2
572 388 290
i0
289 575 386
i1
386 289 575
i2
575 386 289
i0
289 578 384
i1
384 289 578
i2
578 384 289
i0
288 580 382
i1
382 288 580
i2
580 382 288
i0
287 583 380
i1
380 287 583
i2
583 380 287
i0
286 586 378
i1
378 286 586
i2
586 378 286
i0
286 589 376
i1
376 286 589
i2
589 376 286
i0
285 591 374
i1
374 285 591
i2
591 374 285
i0
284 594 372
i1
372 284 594
i2
594 372 284
i0
284 597 369
i1
369 284 597
i2
597 369 284
i0
283 599 367
i1
367 283 599
i2
599 367 283
i0
283 602 365
i1
365 283 602
i2
602 365 283
i0
283 604 363
i1
363 283 604
i2
604 363 283
i0
282 607 361
i1
361 282 607
i2
607 361 282
i0
282 609 359
i1
359 282 609
i2
609 359 282
i0
282 612 357
i1
357 282 612
i2
612 357 282
i0
281 614 355
i1
355 281 614
i2
614 355 281
i0
281 617 352
i1
352 281 617
i2
617 352 281
i0
281 619 350
i1
350 281 619
i2
619 350 281
i0
281 621 348
i1
348 281 621
i2
621 348 281
i0
281 623 346
i1
346 281 623
i2
623 346 281
i0
281 626 344
i1
344 281 626
i2
626 344 281
i0
281 628 342
i1
342 281 628
i2
628 342 281
i0
281 630 339
i1
339 281 630
i2
630 339 281
i0
281 632 337
i1
337 281 632
i2
632 337 281
i0
281 634 335
i1
335 281 634
i2
634 335 281
i0
281 637 333
i1
333 281 637
i2
637 333 281
i0
281 639 330
i1
330 281 639
i2
639 330 281
i0
281 641 328
i1
328 281 641
i2
641 328 281
i0
281 643 326
i1
326 281 643
i2
643 326 281
i0
281 645 324
i1
324 281 645
i2
645 324 281
i0
282 647 322
i1
322 282 647
i2
647 322 282
i0
282 649 319
i1
319 282 649
i2
649 319 282
i0
282 651 317
i1
317 282 651
i2
651 317 282
i0
283 652 315
i1
315 283 652
i2
652 315 283
i0
283 654 313
i1
313 283 654
i2
654 313 283
i0
284 656 310
i1
310 284 656
i2
656 310 284
i0
284 658 308
i1
308 284 658
i2
658 308 284
i0
285 660 306
i1
306 285 660
i2
660 306 285
i0
285 661 304
i1
304 285 661
i2
661 304 285
i0
286 663 301
i1
301 286 663
i2
663 301 286
i0
286 665 299
i1
299 286 665
i2
665 299 286
i0
287 667 297
i1
297 287 667
i2
667 297 287
i0
287 668 294
i1
294 287 668
i2
668 294 287
i0
288 670 292
i1
292 288 670
i2
670 292 288
i0
289 671 290
i1
290 289 671
i2
671 290 289
i0
289 673 288
i1
288 289 673
i2
673 288 289
i0
290 674 285
i1
285 290 674
i2
674 285 290
i0
291 676 283
i1
283 291 676
i2
676 283 291
i0
292 677 281
i1
281 292 677
i2
677 281 292
i0
293 679 279
i1
279 293 679
i2
679 279 293
i0
293 680 276
i1
276 293 680
i2
680 276 293
i0
294 682 274
i1
274 294 682
i2
682 274 294
i0
295 683 272
i1
272 295 683
i2
683 272 295
i0
296 684 270
i1
270 296 684
i2
684 270 296
i0
297 686 267
i1
267 297 686
i2
686 267 297
i0
298 687 265
i1
265 298 687
i2
687 265 298
i0
299 688 263
i1
263 299 688
i2
688 263 299
i0
300 689 261
i1
261 300 689
i2
689 261 300
i0
301 691 258
i1
258 301 691
i2
691 258 301
i0
302 692 256
i1
256 302 692
i2
692 256 302
i0
303 693 254
i1
254 303 693
i2
693 254 303
i0
304 694 252
i1
252 304 694
i2
694 252 304
i0
306 695 249
i1
249 306 695
i2
695 249 306
i0
307 696 247
i1
247 307 696
i2
696 247 307
i0
308 697 245
i1
245 308 697
i2
697 245 308
i0
309 698 243
i1
243 309 698
i2
698 243 309
i0
310 699 240
i1
240 310 699
i2
699 240 310
i0
312 700 238
i1
238 312 700
i2
700 238 312
i0
313 701 236
i1
236 313 701
i2
701 236 313
i0
314 702 234
i1
234 314 702
i2
702 234 314
i0
316 703 232
i1
232 316 703
i2
703 232 316
i0
317 704 229
i1
229 317 704
i2
704 229 317
i0
318 705 227
i1
227 318 705
i2
705 227 318
i0
320 705 225
i1
225 320 705
i2
705 225 320
i0
321 706 223
i1
223 321 706
i2
706 223 321
i0
323 707 221
i1
221 323 707
i2
707 221 323
i0
324 708 218
i1
218 324 708
i2
708 218 324
i0
326 708 216
i1
216 326 708
i2
708 216 326
i0
327 709 214
i1
214 327 709
i2
709 214 327
i0
329 710 212
i1
212 329 710
i2
710 212 329
i0
330 710 210
i1
210 330 710
i2
710 210 330
i0
332 711 208
i1
208 332 711
i2
711 208 332
i0
333 711 205
i1
205 333 711
i2
711 205 333
i0
335 712 203
i1
203 335 712
i2
712 203 335
i0
336 712 201
i1
201 336 712
i2
712 201 336
i0
338 713 199
i1
199 338 713
i2
713 199 338
i0
340 713 197
i1
197 340 713
i2
713 197 340
i0
341 714 195
i1
195 341 714
i2
714 195 341
i0
343 714 193
i1
193 343 714
i2
714 193 343
i0
345 715 191
i1
191 345 715
i2
715 191 345
i0
346 715 189
i1
189 346 715
i2
715 189 346
i0
348 715 187
i1
187 348 715
i2
715 187 348
i0
350 716 184
i1
184 350 716
i2
716 184 350
i0
352 716 182
i1
182 352 716
i2
716 182 352
i0
353 716 180
i1
180 353 716
i2
716 180 353
i0
355 716 178
i1
178 355 716
i2
716 178 355
i0
357 717 176
i1
176 357 717
i2
717 176 357
i0
359 717 174
i1
174 359 717
i2
717 174 359
i0
361 717 172
i1
172 361 717
i2
717 172 361
i0
363 717 170
i1
170 363 717
i2
717 170 363
i0
365 717 168
i1
168 365 717
i2
717 168 365
i0
366 717 166
i1
166 366 717
i2
717 166 366
i0
368 717 164
i1
164 368 717
i2
717 164 368
i0
370 717 162
i1
162 370 717
i2
717 162 370
i0
372 717 160
i1
160 372 717
i2
717 160 372
i0
374 717 158
i1
158 374 717
i2
717 158 374
i0
376 717 156
i1
156 376 717
i2
717 156 376
i0
378 717 154
i1
154 378 717
i2
717 154 378
i0
380 717 153
i1
153 380 717
i2
717 153 380
i0
382 717 151
i1
151 382 717
i2
717 151 382
i0
384 717 149
i1
149 384 717
i2
717 149 384
i0
386 717 147
i1
147 386 717
i2
717 147 386
i0
388 717 145
i1
145 388 717
i2
717 145 388
i0
391 716 143
i1
143 391 716
i2
716 143 391
i0
393 716 141
i1
141 393 716
i2
716 141 393
i0
395 716 139
i1
139 395 716
i2
716 139 395
i0
397 716 137
i1
137 397 716
i2
716 137 397
i0
399 715 136
i1
136 399 715
i2
715 136 399
i0
401 715 134
i1
134 401 715
i2
715 134 401
i0
403 715 132
i1
132 403 715
i2
715 132 403
i0
405 714 130
i1
130 405 714
i2
714 130 405
i0
408 714 128
i1
128 408 714
i2
714 128 408
i0
410 713 127
i1
127 410 713
i2
713 127 410
i0
412 713 125
i1
125 412 713
i2
713 125 412
i0
414 713 123
i1
123 414 713
i2
713 123 414
i0
417 712 121
i1
121 417 712
i2
712 121 417
i0
419 712 120
i1
120 419 712
i2
712 120 419
i0
421 711 118
i1
118 421 711
i2
711 118 421
i0
423 710 116
i1
116 423 710
i2
710 116 423
i0
426 710 115
i1
115 426 710
i2
710 115 426
i0
428 709 113
i1
113 428 709
i2
709 113 428
i0
430 709 111
i1
111 430 709
i2
709 111 430
i0
433 708 109
i1
109 433 708
i2
708 109 433
i0
435 707 108
i1
108 435 707
i2
707 108 435
i0
437 707 106
i1
106 437 707
i2
707 106 437
i0
440 706 105
i1
105 440 706
i2
706 105 440
i0
442 705 103
i1
103 442 705
i2
705 103 442
i0
444 704 101
i1
101 444 704
i2
704 101 444
i0
447 703 100
i1
100 447 703
i2
703 100 447
i0
449 703 98
i1
98 449 703
i2
703 98 449
i0
451 702 97
i1
97 451 702
i2
702 97 451
i0
454 701 95
i1
95 454 701
i2
701 95 454
i0
456 700 94
i1
94 456 700
i2
700 94 456
i0
459 699 92
i1
92 459 699
i2
699 92 459
i0
461 698 91
i1
91 461 698
i2
698 91 461
i0
464 697 89
i1
89 464 697
i2
697 89 464
i0
466 696 88
i1
88 466 696
i2
696 88 466
i0
469 695 86
i1
86 469 695
i2
695 86 469
i0
471 694 85
i1
85 471 694
i2
694 85 471
i0
474 693 83
i1
83 474 693
i2
693 83 474
i0
476 692 82
i1
82 476 692
i2
692 82 476
i0
478 691 81
i1
81 478 691
i2
691 81 478
i0
481 690 79
i1
79 481 690
i2
690 79 481
i0
484 689 78
i1
78 484 689
i2
689 78 484
i0
486 688 76
i1
76 486 688
i2
688 76 486
i0
489 686 75
i1
75 489 686
i2
686 75 489
i0
491 685 74
i1
74 491 685
i2
685 74 491
i0
494 684 72
i1
72 494 684
i2
684 72 494
i0
496 683 71
i1
71 496 683
i2
683 71 496
i0
499 681 70
i1
70 499 681
i2
681 70 499
i0
501 680 69
i1
69 501 680
i2
680 69 501
i0
504 679 67
i1
67 504 679
i2
679 67 504
i0
506 677 66
i1
66 506 677
i2
677 66 506
i0
509 676 65
i1
65 509 676
i2
676 65 509
i0
512 675 64
i1
64 512 675
i2
675 64 512
i0
514 673 62
i1
62 514 673
i2
673 62 514
i0
517 672 61
i1
61 517 672
i2
672 61 517
i0
519 670 60
i1
60 519 670
i2
670 60 519
i0
522 669 59
i1
59 522 669
i2
669 59 522
i0
525 668 58
i1
58 525 668
i2
668 58 525
i0
527 666 57
i1
57 527 666
i2
666 57 527
i0
530 664 56
i1
56 530 664
i2
664 56 530
i0
532 663 55
i1
55 532 663
i2
663 55 532
i0
535 661 54
i1
54 535 661
i2
661 54 535
i0
538 660 53
i1
53 538 660
i2
660 53 538
i0
540 658 51
i1
51 540 658
i2
658 51 540
i0
543 657 50
i1
50 543 657
i2
657 50 543
i0
546 655 49
i1
49 546 655
i2
655 49 546
i0
548 653 49
i1
49 548 653
i2
653 49 548
i0
551 651 48
i1
48 551 651
i2
651 48 551
i0
554 650 47
i1
47 554 650
i2
650 47 554
i0
556 648 46
i1
46 556 648
i2
648 46 556
i0
559 646 45
i1
45 559 646
i2
646 45 559
i0
562 644 44
i1
44 562 644
i2
644 44 562
i0
564 643 43
i1
43 564 643
i2
643 43 564
i0
567 641 42
i1
42 567 641
i2
641 42 567
i0
570 639 41
i1
41 570 639
i2
639 41 570
i0
572 637 40
i1
40 572 637
i2
637 40 572
i0
575 635 40
i1
40 575 635
i2
635 40 575
i0
578 633 39
i1
39 578 633
i2
633 39 578
i0
580 632 38
i1
38 580 632
i2
632 38 580
i0
583 630 37
i1
37 583 630
i2
630 37 583
i0
586 628 37
i1
37 586 628
i2
628 37 586
i0
588 626 36
i1
36 588 626
i2
626 36 588
i0
591 624 35
i1
35 591 624
i2
624 35 591
i0
594 622 35
i1
35 594 622
i2
622 35 594
i0
596 620 34
i1
34 596 620
i2
620 34 596
i0
599 618 33
i1
33 599 618
i2
618 33 599
i0
602 616 33
i1
33 602 616
i2
616 33 602
i0
605 613 32
i1
32 605 613
i2
613 32 605
i0
607 611 31
i1
31 607 611
i2
611 31 607
i0
610 609 31
i1
31 610 609
i2
609 31 610
i0
613 607 30
i1
30 613 607
i2
607 30 613
i0
615 605 30
i1
30 615 605
i2
605 30 615
i0
618 603 29
i1
29 618 603
i2
603 29 618
i0
621 601 29
i1
29 621 601
i2
601 29 621
i0
623 598 28
i1
28 623 598
i2
598 28 623
i0
626 596 28
i1
28 626 596
i2
596 28 626
i0
629 594 27
i1
27 629 594
i2
594 27 629
i0
631 592 27
i1
27 631 592
i2
592 27 631
i0
634 589 26
i1
26 634 589
i2
589 26 634
i0
637 587 26
i1
26 637 587
i2
587 26 637
i0
640 585 26
i1
26 640 585
i2
585 26 640
i0
642 582 25
i1
25 642 582
i2
582 25 642
i0
645 580 25
i1
25 645 580
i2
580 25 645
i0
648 578 25
i1
25 648 578
i2
578 25 648
i0
650 575 24
i1
24 650 575
i2
575 24 650
i0
653 573 24
i1
24 653 573
i2
573 24 653
i0
656 571 24
i1
24 656 571
i2
571 24 656
i0
658 568 24
i1
24 658 568
i2
568 24 658
i0
661 566 23
i1
23 661 566
i2
566 23 661
i0
664 563 23
i1
23 664 563
i2
563 23 664
i0
666 561 23
i1
23 666 561
i2
561 23 666
i0
669 558 23
i1
23 669 558
i2
558 23 669
i0
672 556 23
i1
23 672 556
i2
556 23 672
i0
674 553 23
i1
23 674 553
i2
553 23 674
i0
677 551 22
i1
22 677 551
i2
551 22 677
i0
680 548 22
i1
22 680 548
i2
548 22 680
i0
682 545 22
i1
22 682 545
i2
545 22 682
i0
685 543 22
i1
22 685 543
i2
543 22 685
i0
687 540 22
i1
22 687 540
i2
540 22 687
i0
690 538 22
i1
22 690 538
i2
538 22 690
i0
693 535 22
i1
22 693 535
i2
535 22 693
i0
695 532 22
i1
22 695 532
i2
532 22 695
i0
698 530 22
i1
22 698 530
i2
530 22 698
i0
701 527 22
i1
22 701 527
i2
527 22 701
i0
703 524 22
i1
22 703 524
i2
524 22 703
i0
706 522 23
i1
23 706 522
i2
522 23 706
i0
708 519 23
i1
23 708 519
i2
519 23 708
i0
711 516 23
i1
23 711 516
i2
516 23 711
i0
714 513 23
i1
23 714 513
i2
513 23 714
i0
716 511 23
i1
23 716 511
i2
511 23 716
i0
719 508 23
i1
23 719 508
i2
508 23 719
i0
721 505 24
i1
24 721 505
i2
505 24 721
i0
724 502 24
i1
24 724 502
i2
502 24 724
i0
726 500 24
i1
24 726 500
i2
500 24 726
i0
729 497 24
i1
24 729 497
i2
497 24 729
i0
731 494 25
i1
25 731 494
i2
494 25 731
i0
734 491 25
i1
25 734 491
i2
491 25 734
i0
737 488 25
i1
25 737 488
i2
488 25 737
i0
739 485 26
i1
26 739 485
i2
485 26 739
i0
742 482 26
i1
26 742 482
i2
482 26 742
i0
744 480 26
i1
26 744 480
i2
480 26 744
i0
747 477 27
i1
27 747 477
i2
477 27 747
i0
749 474 27
i1
27 749 474
i2
474 27 749
i0
752 471 28
i1
28 752 471
i2
471 28 752
i0
754 468 28
i1
28 754 468
i2
468 28 754
i0
756 465 29
i1
29 756 465
i2
465 29 756
i0
759 462 29
i1
29 759 462
i2
462 29 759
i0
761 459 30
i1
30 761 459
i2
459 30 761
i0
764 456 30
i1
30 764 456
i2
456 30 764
i0
766 453 31
i1
31 766 453
i2
453 31 766
i0
769 450 31
i1
31 769 450
i2
450 31 769
i0
771 447 32
i1
32 771 447
i2
447 32 771
i0
774 444 33
i1
33 774 444
i2
444 33 774
i0
776 441 33
i1
33 776 441
i2
441 33 776
i0
778 438 34
i1
34 778 438
i2
438 34 778
i0
781 435 35
i1
35 781 435
i2
435 35 781
i0
783 432 35
i1
35 783 432
i2
432 35 783
i0
786 428 36
i1
36 786 428
i2
428 36 786
i0
788 425 37
i1
37 788 425
i2
425 37 788
i0
790 422 37
i1
37 790 422
i2
422 37 790
i0
793 419 38
i1
38 793 419
i2
419 38 793
i0
795 416 39
i1
39 795 416
i2
416 39 795
i0
797 413 40
i1
40 797 413
i2
413 40 797
i0
800 410 41
i1
41 800 410
i2
410 41 800
i0
802 407 41
i1
41 802 407
i2
407 41 802
i0
804 403 42
i1
42 804 403
i2
403 42 804
i0
806 400 43
i1
43 806 400
i2
400 43 806
i0
809 397 44
i1
44 809 397
i2
397 44 809
i0
811 394 45
i1
45 811 394
i2
394 45 811
i0
813 391 46
i1
46 813 391
i2
391 46 813
i0
816 388 47
i1
47 816 388
i2
388 47 816
i0
818 384 48
i1
48 818 384
i2
384 48 818
i0
820 381 49
i1
49 820 381
i2
381 49 820
i0
822 378 50
i1
50 822 378
i2
378 50 822
i0
824 375 51
i1
51 824 375
i2
375 51 824
i0
827 371 52
i1
52 827 371
i2
371 52 827
i0
829 368 53
i1
53 829 368
i2
368 53 829
i0
831 365 54
i1
54 831 365
i2
365 54 831
i0
833 362 55
i1
55 833 362
i2
362 55 833
i0
835 358 56
i1
56 835 358
i2
358 56 835
i0
837 355 57
i1
57 837 355
i2
355 57 837
i0
840 352 59
i1
59 840 352
i2
352 59 840
i0
842 348 60
i1
60 842 348
i2
348 60 842
i0
844 345 61
i1
61 844 345
i2
345 61 844
i0
846 342 62
i1
62 846 342
i2
342 62 846
i0
848 339 63
i1
63 848 339
i2
339 63 848
i0
850 335 65
i1
65 850 335
i2
335 65 850
i0
852 332 66
i1
66 852 332
i2
332 66 852
i0
854 329 67
i1
67 854 329
i2
329 67 854
i0
856 325 68
i1
68 856 325
i2
325 68 856
i0
858 322 70
i1
70 858 322
i2
322 70 858
i0
860 319 71
i1
71 860 319
i2
319 71 860
i0
862 315 72
i1
72 862 315
i2
315 72 862
i0
864 312 74
i1
74 864 312
i2
312 74 864
i0
866 309 75
i1
75 866 309
i2
309 75 866
i0
868 305 77
i1
77 868 305
i2
305 77 868
i0
870 302 78
i1
78 870 302
i2
302 78 870
i0
872 298 79
i1
79 872 298
i2
298 79 872
i0
874 295 81
i1
81 874 295
i2
295 81 874
i0
876 292 82
i1
82 876 292
i2
292 82 876
i0
878 288 84
i1
84 878 288
i2
288 84 878
i0
880 285 85
i1
85 880 285
i2
285 85 880
i0
882 281 87
i1
87 882 281
i2
281 87 882
i0
884 278 88
i1
88 884 278
i2
278 88 884
i0
886 275 90
i1
90 886 275
i2
275 90 886
i0
887 271 91
i1
91 887 271
i2
271 91 887
i0
889 268 93
i1
93 889 268
i2
268 93 889
i0
891 264 95
i1
95 891 264
i2
264 95 891
i0
893 261 96
i1
96 893 261
i2
261 96 893
i0
895 258 98
i1
98 895 258
i2
258 98 895
i0
896 254 99
i1
99 896 254
i2
254 99 896
i0
898 251 101
i1
101 898 251
i2
251 101 898
i0
900 247 103
i1
103 900 247
i2
247 103 900
i0
902 244 104
i1
104 902 244
i2
244 104 902
i0
904 240 106
i1
106 904 240
i2
240 106 904
i0
905 237 108
i1
108 905 237
i2
237 108 905
i0
907 234 110
i1
110 907 234
i2
234 110 907
i0
909 230 111
i1
111 909 230
i2
230 111 909
i0
910 227 113
i1
113 910 227
i2
227 113 910
i0
912 223 115
i1
115 912 223
i2
223 115 912
i0
914 220 117
i1
117 914 220
i2
220 117 914
i0
915 216 118
i1
118 915 216
i2
216 118 915
i0
917 213 120
i1
120 917 213
i2
213 120 917
i0
919 209 122
i1
122 919 209
i2
209 122 919
i0
920 206 124
i1
124 920 206
i2
206 124 920
i0
922 202 126
i1
126 922 202
i2
202 126 922
i0
923 199 128
i1
128 923 199
i2
199 128 923
i0
925 196 130
i1
130 925 196
i2
196 130 925
i0
927 192 131
i1
131 927 192
i2
192 131 927
i0
928 189 133
i1
133 928 189
i2
189 133 928
i0
930 185 135
i1
135 930 185
i2
185 135 930
i0
931 182 137
i1
137 931 182
i2
182 137 931
i0
933 178 139
i1
139 933 178
i2
178 139 933
i0
934 175 141
i1
141 934 175
i2
175 141 934
i0
936 171 143
i1
143 936 171
i2
171 143 936
i0
937 168 145
i1
145 937 168
i2
168 145 937
i0
939 164 147
i1
147 939 164
i2
164 147 939
i0
940 161 149
i1
149 940 161
i2
161 149 940
i0
941 157 151
i1
151 941 157
i2
157 151 941
i0
943 154 153
i1
153 943 154
i2
154 153 943
i0
944 150 155
i1
155 944 150
i2
150 155 944
i0
946 147 157
i1
157 946 147
i2
147 157 946
i0
947 143 160
i1
160 947 143
i2
143 160 947
i0
948 140 162
i1
162 948 140
i2
140 162 948
i0
950 137 164
i1
164 950 137
i2
137 164 950
i0
951 133 166
i1
166 951 133
i2
133 166 951
i0
952 130 168
i1
168 952 130
i2
130 168 952
i0
954 126 170
i1
170 954 126
i2
126 170 954
i0
955 123 172
i1
172 955 123
i2
123 172 955
i0
956 119 175
i1
175 956 119
i2
119 175 956
i0
957 116 177
i1
177 957 116
i2
116 177 957
i0
959 112 179
i1
179 959 112
i2
112 179 959
i0
960 109 181
i1
181 960 109
i2
109 181 960
i0
961 105 183
i1
183 961 105
i2
105 183 961
i0
962 102 186
i1
186 962 102
i2
102 186 962
i0
964 98 188
i1
188 964 98
i2
98 188 964
i0
965 95 190
i1
190 965 95
i2
95 190 965
i0
966 92 193
i1
193 966 92
i2
92 193 966
i0
967 88 195
i1
195 967 88
i2
88 195 967
i0
968 85 197
i1
197 968 85
i2
85 197 968
i0
969 81 199
i1
199 969 81
i2
81 199 969
i0
970 78 202
i1
202 970 78
i2
78 202 970
i0
972 74 204
i1
204 972 74
i2
74 204 972
i0
973 71 206
i1
206 973 71
i2
71 206 973
i0
974 67 209
i1
209 974 67
i2
67 209 974
i0
975 64 211
i1
211 975 64
i2
64 211 975
i0
976 60 214
i1
214 976 60
i2
60 214 976
i0
977 57 216
i1
216 977 57
i2
57 216 977
i0
978 54 218
i1
218 978 54
i2
54 218 978
i0
979 50 221
i1
221 979 50
i2
50 221 979
i0
980 47 223
i1
223 980 47
i2
47 223 980
i0
981 43 226
i1
226 981 43
i2
43 226 981
i0
982 40 228
i1
228 982 40
i2
40 228 982
i0
983 36 231
i1
231 983 36
i2
36 231 983
i0
984 33 233
i1
233 984 33
i2
33 233 984
i0
985 30 236
i1
236 985 30
i2
30 236 985
i0
986 26 238
i1
238 986 26
i2
26 238 986
i0
987 23 241
i1
241 987 23
i2
23 241 987
i0
987 19 243
i1
243 987 19
i2
19 243 987
i0
988 16 246
i1
246 988 16
i2
16 246 988
i0
989 13 248
i1
248 989 13
i2
13 248 989
i0
990 9 251
i1
251 990 9
i2
9 251 990
i0
991 6 253
i1
253 991 6
i2
6 253 991
i0
992 2 256
i1
256 992 2
i2
2 256 992
i0
993 -1 258
i1
258 993 -1
i2
-1 258 993
i0
993 -4 261
i1
261 993 -4
i2
-4 261 993
i0
994 -8 264
i1
264 994 -8
i2
-8 264 994
i0
995 -11 266
i1
266 995 -11
i2
-11 266 995
i0
996 -15 269
i1
269 996 -15
i2
-15 269 996
i0
996 -18 271
i1
271 996 -18
i2
-18 271 996
i0
997 -21 274
i1
274 997 -21
i2
-21 274 997
i0
998 -25 277
i1
277 998 -25
i2
-25 277 998
i0
999 -28 279
i1
279 999 -28
i2
-28 279 999
i0
999 -31 282
i1
282 999 -31
i2
-31 282 999
i0
1000 -35 285
i1
285 1000 -35
i2
-35 285 1000
i0
1001 -38 287
i1
287 1001 -38
i2
-38 287 1001
i0
1001 -41 290
i1
290 1001 -41
i2
-41 290 1001
i0
1002 -45 293
i1
293 1002 -45
i2
-45 293 1002
i0
1003 -48 296
i1
296 1003 -48
i2
-48 296 1003
i0
1003 -51 298
i1
298 1003 -51
i2
-51 298 1003
i0
1004 -55 301
i1
301 1004 -55
i2
-55 301 1004
i0
1004 -58 304
i1
304 1004 -58
i2
-58 304 1004
i0
1005 -61 306
i1
306 1005 -61
i2
-61 306 1005
i0
1005 -65 309
i1
309 1005 -65
i2
-65 309 1005
i0
1006 -68 312
i1
312 1006 -68
i2
-68 312 1006
i0
1007 -71 315
i1
315 1007 -71
i2
-71 315 1007
i0
1007 -75 317
i1
317 1007 -75
i2
-75 317 1007
i0
1008 -78 320
i1
320 1008 -78
i2
-78 320 1008
i0
1008 -81 323
i1
323 1008 -81
i2
-81 323 1008
i0
1009 -84 326
i1
326 1009 -84
i2
-84 326 1009
i0
1009 -88 329
i1
329 1009 -88
i2
-88 329 1009
i0
1010 -91 331
i1
331 1010 -91
i2
-91 331 1010
i0
1010 -94 334
i1
334 1010 -94
i2
-94 334 1010
i0
1010 -98 337
i1
337 1010 -98
i2
-98 337 1010
i0
1011 -101 340
i1
340 1011 -101
i2
-101 340 1011
i0
1011 -104 343
i1
343 1011 -104
i2
-104 343 1011
i0
1012 -107 346
i1
346 1012 -107
i2
-107 346 1012
i0
1012 -111 348
i1
348 1012 -111
i2
-111 348 1012
i0
1012 -114 351
i1
351 1012 -114
i2
-114 351 1012
i0
1013 -117 354
i1
354 1013 -117
i2
-117 354 1013
i0
1013 -120 357
i1
357 1013 -120
i2
-120 357 1013
i0
1014 -124 360
i1
360 1014 -124
i2
-124 360 1014
i0
1014 -127 363
i1
363 1014 -127
i2
-127 363 1014
i0
1014 -130 366
i1
366 1014 -130
i2
-130 366 1014
i0
1014 -133 369
i1
369 1014 -133
i2
-133 369 1014
i0
1015 -136 372
i1
372 1015 -136
i2
-136 372 1015
i0
1015 -140 375
i1
375 1015 -140
i2
-140 375 1015
i0
1015 -143 377
i1
377 1015 -143
i2
-143 377 1015
i0
1016 -146 380
i1
380 1016 -146
i2
-146 380 1016
i0
1016 -149 383
i1
383 1016 -149
i2
-149 383 1016
i0
1016 -152 386
i1
386 1016 -152
i2
-152 386 1016
i0
1016 -156 389
i1
389 1016 -156
i2
-156 389 1016
i0
1016 -159 392
i1
392 1016 -159
i2
-159 392 1016
i0
1017 -162 395
i1
395 1017 -162
i2
-162 395 1017
i0
1017 -165 398
i1
398 1017 -165
i2
-165 398 1017
i0
1017 -168 401
i1
401 1017 -168
i2
-168 401 1017
i0
1017 -171 404
i1
404 1017 -171
i2
-171 404 1017
i0
1017 -174 407
i1
407 1017 -174
i2
-174 407 1017
i0
1017 -178 410
i1
410 1017 -178
i2
-178 410 1017
i0
1018 -181 413
i1
413 1018 -181
i2
-181 413 1018
i0
1018 -184 416
i1
416 1018 -184
i2
-184 416 1018
i0
1018 -187 419
i1
419 1018 -187
i2
-187 419 1018
i0
1018 -190 422
i1
422 1018 -190
i2
-190 422 1018
i0
1018 -193 425
i1
425 1018 -193
i2
-193 425 1018
i0
1018 -196 428
i1
428 1018 -196
i2
-196 428 1018
i0
1018 -199 431
i1
431 1018 -199
i2
-199 431 1018
i0
1018 -202 434
i1
434 1018 -202
i2
-202 434 1018
i0
1018 -206 437
i1
437 1018 -206
i2
-206 437 1018
i0
1018 -209 440
i1
440 1018 -209
i2
-209 440 1018
i0
1018 -212 443
i1
443 1018 -212
i2
-212 443 1018
i0
1018 -215 447
i1
447 1018 -215
i2
-215 447 1018
i0
1018 -218 450
i1
450 1018 -218
i2
-218 450 1018
i0
1018 -221 453
i1
453 1018 -221
i2
-221 453 1018
i0
1018 -224 456
i1
456 1018 -224
i2
-224 456 1018
i0
1018 -227 459
i1
459 1018 -227
i2
-227 459 1018
i0
1018 -230 462
i1
462 1018 -230
i2
-230 462 1018
i0
1018 -233 465
i1
465 1018 -233
i2
-233 465 1018
i0
1018 -236 468
i1
468 1018 -236
i2
-236 468 1018
i0
1018 -239 471
i1
471 1018 -239
i2
-239 471 1018
i0
1018 -242 474
i1
474 1018 -242
i2
-242 474 1018
i0
1018 -245 477
i1
477 1018 -245
i2
-245 477 1018
i0
1017 -248 481
i1
481 1017 -248
i2
-248 481 1017
i0
1017 -251 484
i1
484 1017 -251
i2
-251 484 1017
i0
1017 -254 487
i1
487 1017 -254
i2
-254 487 1017
i0
1017 -257 490
i1
490 1017 -257
i2
-257 490 1017
i0
1017 -260 493
i1
493 1017 -260
i2
-260 493 1017
i0
1017 -263 496
i1
496 1017 -263
i2
-263 496 1017
i0
1016 -266 499
i1
499 1016 -266
i2
-266 499 1016
i0
1016 -269 503
i1
503 1016 -269
i2
-269 503 1016
i0
1016 -272 506
i1
506 1016 -272
i2
-272 506 1016
i0
1016 -275 509
i1
509 1016 -275
i2
-275 509 1016
i0
1016 -278 512
i1
512 1016 -278
i2
-278 512 1016
i0
1015 -281 515
i1
515 1015 -281
i2
-281 515 1015
i0
1015 -283 518
i1
518 1015 -283
i2
-283 518 1015
i0
1015 -286 522
i1
522 1015 -286
i2
-286 522 1015
i0
1015 -289 525
i1
525 1015 -289
i2
-289 525 1015
i0
1014 -292 528
i1
528 1014 -292
i2
-292 528 1014
i0
1014 -295 531
i1
531 1014 -295
i2
-295 531 1014
i0
1014 -298 534
i1
534 1014 -298
i2
-298 534 1014
i0
1013 -301 537
i1
537 1013 -301
i2
-301 537 1013
i0
1013 -304 541
i1
541 1013 -304
i2
-304 541 1013
i0
1013 -307 544
i1
544 1013 -307
i2
-307 544 1013
i0
1012 -309 547
i1
547 1012 -309
i2
-309 547 1012
i0
1012 -312 550
i1
550 1012 -312
i2
-312 550 1012
i0
1012 -315 554
i1
554 1012 -315
i2
-315 554 1012
i0
1011 -318 557
i1
557 1011 -318
i2
-318 557 1011
i0
1011 -321 560
i1
560 1011 -321
i2
-321 560 1011
i0
1010 -324 563
i1
563 1010 -324
i2
-324 563 1010
i0
1010 -326 566
i1
566 1010 -326
i2
-326 566 1010
i0
1010 -329 570
i1
570 1010 -329
i2
-329 570 1010
i0
1009 -332 573
i1
573 1009 -332
i2
-332 573 1009
i0
1009 -335 576
i1
576 1009 -335
i2
-335 576 1009
i0
1008 -338 579
i1
579 1008 -338
i2
-338 579 1008
i0
1008 -340 583
i1
583 1008 -340
i2
-340 583 1008
i0
1007 -343 586
i1
586 1007 -343
i2
-343 586 1007
i0
1007 -346 589
i1
589 1007 -346
i2
-346 589 1007
i0
1006 -349 592
i1
592 1006 -349
i2
-349 592 1006
i0
1006 -351 596
i1
596 1006 -351
i2
-351 596 1006
i0
1005 -354 599
i1
599 1005 -354
i2
-354 599 1005
i0
1005 -357 602
i1
602 1005 -357
i2
-357 602 1005
i0
1004 -360 605
i1
605 1004 -360
i2
-360 605 1004
i0
1004 -362 609
i1
609 1004 -362
i2
-362 609 1004
i0
1003 -365 612
i1
612 1003 -365
i2
-365 612 1003
i0
1003 -368 615
i1
615 1003 -368
i2
-368 615 1003
i0
1002 -371 619
i1
619 1002 -371
i2
-371 619 1002
i0
1002 -373 622
i1
622 1002 -373
i2
-373 622 1002
i0
1001 -376 625
i1
625 1001 -376
i2
-376 625 1001
i0
1000 -379 628
i1
628 1000 -379
i2
-379 628 1000
i0
1000 -381 632
i1
632 1000 -381
i2
-381 632 1000
i0
999 -384 635
i1
635 999 -384
i2
-384 635 999
i0
998 -387 638
i1
638 998 -387
i2
-387 638 998
i0
998 -389 642
i1
642 998 -389
i2
-389 642 998
i0
997 -392 645
i1
645 997 -392
i2
-392 645 997
i0
997 -395 648
i1
648 997 -395
i2
-395 648 997
i0
996 -397 651
i1
651 996 -397
i2
-397 651 996
i0
995 -400 655
i1
655 995 -400
i2
-400 655 995
i0
995 -403 658
i1
658 995 -403
i2
-403 658 995
i0
994 -405 661
i1
661 994 -405
i2
-405 661 994
i0
993 -408 665
i1
665 993 -408
i2
-408 665 993
i0
992 -410 668
i1
668 992 -410
i2
-410 668 992
i0
992 -413 671
i1
671 992 -413
i2
-413 671 992
i0
991 -416 675
i1
675 991 -416
i2
-416 675 991
i0
990 -418 678
i1
678 990 -418
i2
-418 678 990
i0
989 -421 681
i1
681 989 -421
i2
-421 681 989
i0
989 -423 685
i1
685 989 -423
i2
-423 685 989
i0
988 -426 688
i1
688 988 -426
i2
-426 688 988
i0
987 -428 691
i1
691 987 -428
i2
-428 691 987
i0
986 -431 695
i1
695 986 -431
i2
-431 695 986
i0
986 -434 698
i1
698 986 -434
i2
-434 698 986
i0
985 -436 701
i1
701 985 -436
i2
-436 701 985
i0
984 -439 705
i1
705 984 -439
i2
-439 705 984
i0
983 -441 708
i1
708 983 -441
i2
-441 708 983
i0
982 -444 711
i1
711 982 -444
i2
-444 711 982
i0
982 -446 715
i1
715 982 -446
i2
-446 715 982
i0
981 -449 718
i1
718 981 -449
i2
-449 718 981
i0
980 -451 721
i1
721 980 -451
i2
-451 721 980
i0
979 -454 725
i1
725 979 -454
i2
-454 725 979
i0
978 -456 728
i1
728 978 -456
i2
-456 728 978
i0
977 -459 731
i1
731 977 -459
i2
-459 731 977
i0
976 -461 735
i1
735 976 -461
i2
-461 735 976
i0
975 -463 738
i1
738 975 -463
i2
-463 738 975
i0
975 -466 741
i1
741 975 -466
i2
-466 741 975
i0
974 -468 745
i1
745 974 -468
i2
-468 745 974
i0
973 -471 748
i1
748 973 -471
i2
-471 748 973
i0
972 -473 751
i1
751 972 -473
i2
-473 751 972
i0
971 -476 755
i1
755 971 -476
i2
-476 755 971
i0
970 -478 758
i1
758 970 -478
i2
-478 758 970
i0
969 -480 761
i1
761 969 -480
i2
-480 761 969
i0
968 -483 765
i1
765 968 -483
i2
-483 765 968
i0
967 -485 768
i1
768 967 -485
i2
-485 768 967
i0
966 -488 772
i1
772 966 -488
i2
-488 772 966
i0
965 -490 775
i1
775 965 -490
i2
-490 775 965
i0
964 -492 778
i1
778 964 -492
i2
-492 778 964
i0
963 -495 782
i1
782 963 -495
i2
-495 782 963
i0
962 -497 785
i1
785 962 -497
i2
-497 785 962
i0
961 -499 788
i1
788 961 -499
i2
-499 788 961
i0
960 -502 792
i1
792 960 -502
i2
-502 792 960
i0
959 -504 795
i1
795 959 -504
i2
-504 795 959
i0
958 -506 799
i1
799 958 -506
i2
-506 799 958
i0
957 -509 802
i1
802 957 -509
i2
-509 802 957
i0
956 -511 805
i1
805 956 -511
i2
-511 805 956
i0
955 -513 809
i1
809 955 -513
i2
-513 809 955
i0
954 -516 812
i1
812 954 -516
i2
-516 812 954
i0
953 -518 815
i1
815 953 -518
i2
-518 815 953
i0
951 -520 819
i1
819 951 -520
i2
-520 819 951
i0
950 -523 822
i1
822 950 -523
i2
-523 822 950
i0
949 -525 826
i1
826 949 -525
i2
-525 826 949
i0
948 -527 829
i1
829 948 -527
i2
-527 829 948
i0
947 -529 832
i1
832 947 -529
i2
-529 832 947
i0
946 -532 836
i1
836 946 -532
i2
-532 836 946
i0
945 -534 839
i1
839 945 -534
i2
-534 839 945
i0
944 -536 842
i1
842 944 -536
i2
-536 842 944
i0
942 -538 846
i1
846 942 -538
i2
-538 846 942
i0
941 -541 849
i1
849 941 -541
i2
-541 849 941
i0
940 -543 853
i1
853 940 -543
i2
-543 853 940
i0
939 -545 856
i1
856 939 -545
i2
-545 856 939
i0
938 -547 859
i1
859 938 -547
i2
-547 859 938
i0
937 -549 863
i1
863 937 -549
i2
-549 863 937
i0
935 -552 866
i1
866 935 -552
i2
-552 866 935
i0
934 -554 869
i1
869 934 -554
i2
-554 869 934
i0
933 -556 873
i1
873 933 -556
i2
-556 873 933
i0
932 -558 876
i1
876 932 -558
i2
-558 876 932
i0
931 -560 880
i1
880 931 -560
i2
-560 880 931
i0
929 -562 883
i1
883 929 -562
i2
-562 883 929
i0
928 -564 886
i1
886 928 -564
i2
-564 886 928
i0
927 -567 890
i1
890 927 -567
i2
-567 890 927
i0
926 -569 893
i1
893 926 -569
i2
-569 893 926
i0
924 -571 897
i1
897 924 -571
i2
-571 897 924
i0
923 -573 900
i1
900 923 -573
i2
-573 900 923
i0
922 -575 903
i1
903 922 -575
i2
-575 903 922
i0
920 -577 907
i1
907 920 -577
i2
-577 907 920
i0
919 -579 910
i1
910 919 -579
i2
-579 910 919
i0
918 -581 913
i1
913 918 -581
i2
-581 913 918
i0
917 -583 917
i1
917 917 -583
i2
-583 917 917
i0
915 -586 920
i1
920 915 -586
i2
-586 920 915
i0
914 -588 924
i1
924 914 -588
i2
-588 924 914
i0
913 -590 927
i1
927 913 -590
i2
-590 927 913
i0
911 -592 930
i1
930 911 -592
i2
-592 930 911
i0
910 -594 934
i1
934 910 -594
i2
-594 934 910
i0
909 -596 937
i1
937 909 -596
i2
-596 937 909
i0
907 -598 941
i1
941 907 -598
i2
-598 941 907
i0
906 -600 944
i1
944 906 -600
i2
-600 944 906
i0
905 -602 947
i1
947 905 -602
i2
-602 947 905
i0
903 -604 951
i1
951 903 -604
i2
-604 951 903
i0
902 -606 954
i1
954 902 -606
i2
-606 954 902
i0
900 -608 958
i1
958 900 -608
i2
-608 958 900
i0
899 -610 961
i1
961 899 -610
i2
-610 961 899
i0
898 -612 964
i1
964 898 -612
i2
-612 964 898
i0
896 -614 968
i1
968 896 -614
i2
-614 968 896
i0
895 -616 971
i1
971 895 -616
i2
-616 971 895
i0
893 -618 974
i1
974 893 -618
i2
-618 974 893
i0
892 -620 978
i1
978 892 -620
i2
-620 978 892
i0
890 -622 981
i1
981 890 -622
i2
-622 981 890
i0
889 -624 985
i1
985 889 -624
i2
-624 985 889
i0
888 -626 988
i1
988 888 -626
i2
-626 988 888
i0
886 -627 991
i1
991 886 -627
i2
-627 991 886
i0
885 -629 995
i1
995 885 -629
i2
-629 995 885
i0
883 -631 998
i1
998 883 -631
i2
-631 998 883
i0
882 -633 1001
i1
1001 882 -633
i2
-633 1001 882
i0
880 -635 1005
i1
1005 880 -635
i2
-635 1005 880
i0
879 -637 1008
i1
1008 879 -637
i2
-637 1008 879
i0
877 -639 1012
i1
1012 877 -639
i2
-639 1012 877
i0
876 -641 1015
i1
1015 876 -641
i2
-641 1015 876
i0
874 -643 1018
i1
1018 874 -643
i2
-643 1018 874
i0
873 -645 1022
i1
1022 873 -645
i2
-645 1022 873
i0
871 -646 1025
i1
1025 871 -646
i2
-646 1025 871
i0
870 -648 1029
i1
1029 870 -648
i2
-648 1029 870
i0
868 -650 1032
i1
1032 868 -650
i2
-650 1032 868
i0
867 -652 1035
i1
1035 867 -652
i2
-652 1035 867
i0
865 -654 1039
i1
1039 865 -654
i2
-654 1039 865
i0
864 -656 1042
i1
1042 864 -656
i2
-656 1042 864
i0
862 -657 1045
i1
1045 862 -657
i2
-657 1045 862
i0
860 -659 1049
i1
1049 860 -659
i2
-659 1049 860
i0
859 -661 1052
i1
1052 859 -661
i2
-661 1052 859
i0
857 -663 1055
i1
1055 857 -663
i2
-663 1055 857
i0
856 -665 1059
i1
1059 856 -665
i2
-665 1059 856
i0
854 -666 1062
i1
1062 854 -666
i2
-666 1062 854
i0
853 -668 1066
i1
1066 853 -668
i2
-668 1066 853
i0
851 -670 1069
i1
1069 851 -670
i2
-670 1069 851
i0
849 -672 1072
i1
1072 849 -672
i2
-672 1072 849
i0
848 -673 1076
i1
1076 848 -673
i2
-673 1076 848
i0
846 -675 1079
i1
1079 846 -675
i2
-675 1079 846
i0
845 -677 1082
i1
1082 845 -677
i2
-677 1082 845
i0
843 -679 1086
i1
1086 843 -679
i2
-679 1086 843
i0
841 -680 1089
i1
1089 841 -680
i2
-680 1089 841
i0
840 -682 1092
i1
1092 840 -682
i2
-682 1092 840
i0
838 -684 1096
i1
1096 838 -684
i2
-684 1096 838
i0
836 -686 1099
i1
1099 836 -686
i2
-686 1099 836
i0
835 -687 1103
i1
1103 835 -687
i2
-687 1103 835
i0
833 -689 1106
i1
1106 833 -689
i2
-689 1106 833
i0
831 -691 1109
i1
1109 831 -691
i2
-691 1109 831
i0
830 -692 1113
i1
1113 830 -692
i2
-692 1113 830
i0
828 -694 1116
i1
1116 828 -694
i2
-694 1116 828
i0
826 -696 1119
i1
1119 826 -696
i2
-696 1119 826
i0
825 -697 1123
i1
1123 825 -697
i2
-697 1123 825
i0
823 -699 1126
i1
1126 823 -699
i2
-699 1126 823
i0
821 -701 1129
i1
1129 821 -701
i2
-701 1129 821
i0
820 -702 1133
i1
1133 820 -702
i2
-702 1133 820
i0
818 -704 1136
i1
1136 818 -704
i2
-704 1136 818
i0
816 -706 1139
i1
1139 816 -706
i2
-706 1139 816
i0
814 -707 1143
i1
1143 814 -707
i2
-707 1143 814
i0
813 -709 1146
i1
1146 813 -709
i2
-709 1146 813
i0
811 -710 1149
i1
1149 811 -710
i2
-710 1149 811
i0
809 -712 1153
i1
1153 809 -712
i2
-712 1153 809
i0
807 -714 1156
i1
1156 807 -714
i2
-714 1156 807
i0
806 -715 1159
i1
1159 806 -715
i2
-715 1159 806
i0
804 -717 1163
i1
1163 804 -717
i2
-717 1163 804
i0
802 -718 1166
i1
1166 802 -718
i2
-718 1166 802
i0
800 -720 1169
i1
1169 800 -720
i2
-720 1169 800
i0
799 -721 1173
i1
1173 799 -721
i2
-721 1173 799
i0
797 -723 1176
i1
1176 797 -723
i2
-723 1176 797
i0
795 -725 1179
i1
1179 795 -725
i2
-725 1179 795
i0
793 -726 1183
i1
1183 793 -726
i2
-726 1183 793
i0
791 -728 1186
i1
1186 791 -728
i2
-728 1186 791
i0
790 -729 1189
i1
1189 790 -729
i2
-729 1189 790
i0
788 -731 1193
i1
1193 788 -731
i2
-731 1193 788
i0
786 -732 1196
i1
1196 786 -732
i2
-732 1196 786
i0
784 -734 1199
i1
1199 784 -734
i2
-734 1199 784
i0
782 -735 1203
i1
1203 782 -735
i2
-735 1203 782
i0
781 -737 1206
i1
1206 781 -737
i2
-737 1206 781
i0
779 -738 1209
i1
1209 779 -738
i2
-738 1209 779
i0
777 -740 1213
i1
1213 777 -740
i2
-740 1213 777
i0
775 -741 1216
i1
1216 775 -741
i2
-741 1216 775
i0
773 -743 1219
i1
1219 773 -743
i2
-743 1219 773
i0
771 -744 1223
i1
1223 771 -744
i2
-744 1223 771
i0
770 -746 1226
i1
1226 770 -746
i2
-746 1226 770
i0
768 -747 1229
i1
1229 768 -747
i2
-747 1229 768
i0
766 -748 1233
i1
1233 766 -748
i2
-748 1233 766
i0
764 -750 1236
i1
1236 764 -750
i2
-750 1236 764
i0
762 -751 1239
i1
1239 762 -751
i2
-751 1239 762
i0
760 -753 1242
i1
1242 760 -753
i2
-753 1242 760
i0
758 -754 1246
i1
1246 758 -754
i2
-754 1246 758
i0
756 -756 1249
i1
1249 756 -756
i2
-756 1249 756
i0
755 -757 1252
i1
1252 755 -757
i2
-757 1252 755
i0
753 -758 1256
i1
1256 753 -758
i2
-758 1256 753
i0
751 -760 1259
i1
1259 751 -760
i2
-760 1259 751
i0
749 -761 1262
i1
1262 749 -761
i2
-761 1262 749
i0
747 -762 1266
i1
1266 747 -762
i2
-762 1266 747
i0
745 -764 1269
i1
1269 745 -764
i2
-764 1269 745
i0
743 -765 1272
i1
1272 743 -765
i2
-765 1272 743
i0
741 -767 1275
i1
1275 741 -767
i2
-767 1275 741
i0
739 -768 1279
i1
1279 739 -768
i2
-768 1279 739
i0
737 -769 1282
i1
1282 737 -769
i2
-769 1282 737
i0
735 -771 1285
i1
1285 735 -771
i2
-771 1285 735
i0
733 -772 1289
i1
1289 733 -772
i2
-772 1289 733
i0
731 -773 1292
i1
1292 731 -773
i2
-773 1292 731
i0
729 -775 1295
i1
1295 729 -775
i2
-775 1295 729
i0
728 -776 1298
i1
1298 728 -776
i2
-776 1298 728
i0
726 -777 1302
i1
1302 726 -777
i2
-777 1302 726
i0
724 -779 1305
i1
1305 724 -779
i2
-779 1305 724
i0
722 -780 1308
i1
1308 722 -780
i2
-780 1308 722
i0
720 -781 1311
i1
1311 720 -781
i2
-781 1311 720
i0
718 -782 1315
i1
1315 718 -782
i2
-782 1315 718
i0
716 -784 1318
i1
1318 716 -784
i2
-784 1318 716
i0
714 -785 1321
i1
1321 714 -785
i2
-785 1321 714
i0
712 -786 1325
i1
1325 712 -786
i2
-786 1325 712
i0
710 -787 1328
i1
1328 710 -787
i2
-787 1328 710
i0
708 -789 1331
i1
1331 708 -789
i2
-789 1331 708
i0
706 -790 1334
i1
1334 706 -790
i2
-790 1334 706
i0
704 -791 1338
i1
1338 704 -791
i2
-791 1338 704
i0
702 -792 1341
i1
1341 702 -792
i2
-792 1341 702
i0
700 -794 1344
i1
1344 700 -794
i2
-794 1344 700
i0
698 -795 1347
i1
1347 698 -795
i2
-795 1347 698
i0
696 -796 1351
i1
1351 696 -796
i2
-796 1351 696
i0
694 -797 1354
i1
1354 694 -797
i2
-797 1354 694
i0
691 -799 1357
i1
1357 691 -799
i2
-799 1357 691
i0
689 -800 1360
i1
1360 689 -800
i2
-800 1360 689
i0
687 -801 1364
i1
1364 687 -801
i2
-801 1364 687
i0
685 -802 1367
i1
1367 685 -802
i2
-802 1367 685
i0
683 -803 1370
i1
1370 683 -803
i2
-803 1370 683
i0
681 -804 1373
i1
1373 681 -804
i2
-804 1373 681
i0
679 -806 1376
i1
1376 679 -806
i2
-806 1376 679
i0
677 -807 1380
i1
1380 677 -807
i2
-807 1380 677
i0
675 -808 1383
i1
1383 675 -808
i2
-808 1383 675
i0
673 -809 1386
i1
1386 673 -809
i2
-809 1386 673
i0
671 -810 1389
i1
1389 671 -810
i2
-810 1389 671
i0
669 -811 1393
i1
1393 669 -811
i2
-811 1393 669
i0
667 -812 1396
i1
1396 667 -812
i2
-812 1396 667
i0
665 -814 1399
i1
1399 665 -814
i2
-814 1399 665
i0
662 -815 1402
i1
1402 662 -815
i2
-815 1402 662
i0
660 -816 1405
i1
1405 660 -816
i2
-816 1405 660
i0
658 -817 1409
i1
1409 658 -817
i2
-817 1409 658
i0
656 -818 1412
i1
1412 656 -818
i2
-818 1412 656
i0
654 -819 1415
i1
1415 654 -819
i2
-819 1415 654
i0
652 -820 1418
i1
1418 652 -820
i2
-820 1418 652
i0
650 -821 1421
i1
1421 650 -821
i2
-821 1421 650
i0
648 -822 1425
i1
1425 648 -822
i2
-822 1425 648
i0
646 -823 1428
i1
1428 646 -823
i2
-823 1428 646
i0
643 -824 1431
i1
1431 643 -824
i2
-824 1431 643
i0
641 -826 1434
i1
1434 641 -826
i2
-826 1434 641
i0
639 -827 1437
i1
1437 639 -827
i2
-827 1437 639
i0
637 -828 1441
i1
1441 637 -828
i2
-828 1441 637
i0
635 -829 1444
i1
1444 635 -829
i2
-829 1444 635
i0
633 -830 1447
i1
1447 633 -830
i2
-830 1447 633
i0
631 -831 1450
i1
1450 631 -831
i2
-831 1450 631
i0
628 -832 1453
i1
1453 628 -832
i2
-832 1453 628
i0
626 -833 1457
i1
1457 626 -833
i2
-833 1457 626
i0
624 -834 1460
i1
1460 624 -834
i2
-834 1460 624
i0
622 -835 1463
i1
1463 622 -835
i2
-835 1463 622
i0
620 -836 1466
i1
1466 620 -836
i2
-836 1466 620
i0
618 -837 1469
i1
1469 618 -837
i2
-837 1469 618
i0
615 -838 1472
i1
1472 615 -838
i2
-838 1472 615
i0
613 -839 1476
i1
1476 613 -839
i2
-839 1476 613
i0
611 -840 1479
i1
1479 611 -840
i2
-840 1479 611
i0
609 -841 1482
i1
1482 609 -841
i2
-841 1482 609
i0
607 -842 1485
i1
1485 607 -842
i2
-842 1485 607
i0
604 -843 1488
i1
1488 604 -843
i2
-843 1488 604
i0
602 -844 1491
i1
1491 602 -844
i2
-844 1491 602
i0
600 -844 1495
i1
1495 600 -844
i2
-844 1495 600
i0
598 -845 1498
i1
1498 598 -845
i2
-845 1498 598
i0
595 -846 1501
i1
1501 595 -846
i2
-846 1501 595
i0
593 -847 1504
i1
1504 593 -847
i2
-847 1504 593
i0
591 -848 1507
i1
1507 591 -848
i2
-848 1507 591
i0
589 -849 1510
i1
1510 589 -849
i2
-849 1510 589
i0
587 -850 1513
i1
1513 587 -850
i2
-850 1513 587
i0
584 -851 1517
i1
1517 584 -851
i2
-851 1517 584
i0
582 -852 1520
i1
1520 582 -852
i2
-852 1520 582
i0
580 -853 1523
i1
1523 580 -853
i2
-853 1523 580
i0
578 -854 1526
i1
1526 578 -854
i2
-854 1526 578
i0
575 -854 1529
i1
1529 575 -854
i2
-854 1529 575
i0
573 -855 1532
i1
1532 573 -855
i2
-855 1532 573
i0
571 -856 1535
i1
1535 571 -856
i2
-856 1535 571
i0
569 -857 1538
i1
1538 569 -857
i2
-857 1538 569
i0
566 -858 1542
i1
1542 566 -858
i2
-858 1542 566
i0
564 -859 1545
i1
1545 564 -859
i2
-859 1545 564
i0
562 -860 1548
i1
1548 562 -860
i2
-860 1548 562
i0
560 -860 1551
i1
1551 560 -860
i2
-860 1551 560
i0
557 -861 1554
i1
1554 557 -861
i2
-861 1554 557
i0
555 -862 1557
i1
1557 555 -862
i2
-862 1557 555
i0
553 -863 1560
i1
1560 553 -863
i2
-863 1560 553
i0
550 -864 1563
i1
1563 550 -864
i2
-864 1563 550
i0
548 -865 1566
i1
1566 548 -865
i2
-865 1566 548
i0
546 -865 1569
i1
1569 546 -865
i2
-865 1569 546
i0
544 -866 1573
i1
1573 544 -866
i2
-866 1573 544
i0
541 -867 1576
i1
1576 541 -867
i2
-867 1576 541
i0
539 -868 1579
i1
1579 539 -868
i2
-868 1579 539
i0
537 -868 1582
i1
1582 537 -868
i2
-868 1582 537
i0
534 -869 1585
i1
1585 534 -869
i2
-869 1585 534
i0
532 -870 1588
i1
1588 532 -870
i2
-870 1588 532
i0
530 -871 1591
i1
1591 530 -871
i2
-871 1591 530
i0
527 -872 1594
i1
1594 527 -872
i2
-872 1594 527
i0
525 -872 1597
i1
1597 525 -872
i2
-872 1597 525
i0
523 -873 1600
i1
1600 523 -873
i2
-873 1600 523
i0
520 -874 1603
i1
1603 520 -874
i2
-874 1603 520
i0
518 -875 1606
i1
1606 518 -875
i2
-875 1606 518
i0
516 -875 1610
i1
1610 516 -875
i2
-875 1610 516
i0
513 -876 1613
i1
1613 513 -876
i2
-876 1613 513
i0
511 -877 1616
i1
1616 511 -877
i2
-877 1616 511
i0
509 -877 1619
i1
1619 509 -877
i2
-877 1619 509
i0
506 -878 1622
i1
1622 506 -878
i2
-878 1622 506
i0
504 -879 1625
i1
1625 504 -879
i2
-879 1625 504
i0
502 -879 1628
i1
1628 502 -879
i2
-879 1628 502
i0
499 -880 1631
i1
1631 499 -880
i2
-880 1631 499
i0
497 -881 1634
i1
1634 497 -881
i2
-881 1634 497
i0
495 -882 1637
i1
1637 495 -882
i2
-882 1637 495
i0
492 -882 1640
i1
1640 492 -882
i2
-882 1640 492
i0
490 -883 1643
i1
1643 490 -883
i2
-883 1643 490
i0
487 -884 1646
i1
1646 487 -884
i2
-884 1646 487
i0
485 -884 1649
i1
1649 485 -884
i2
-884 1649 485
i0
483 -885 1652
i1
1652 483 -885
i2
-885 1652 483
i0
480 -885 1655
i1
1655 480 -885
i2
-885 1655 480
i0
478 -886 1658
i1
1658 478 -886
i2
-886 1658 478
i0
476 -887 1661
i1
1661 476 -887
i2
-887 1661 476
i0
473 -887 1664
i1
1664 473 -887
i2
-887 1664 473
i0
471 -888 1667
i1
1667 471 -888
i2
-888 1667 471
i0
468 -889 1670
i1
1670 468 -889
i2
-889 1670 468
i0
466 -889 1673
i1
1673 466 -889
i2
-889 1673 466
i0
464 -890 1676
i1
1676 464 -890
i2
-890 1676 464
i0
461 -890 1679
i1
1679 461 -890
i2
-890 1679 461
i0
459 -891 1682
i1
1682 459 -891
i2
-891 1682 459
i0
456 -892 1685
i1
1685 456 -892
i2
-892 1685 456
i0
454 -892 1688
i1
1688 454 -892
i2
-892 1688 454
i0
451 -893 1691
i1
1691 451 -893
i2
-893 1691 451
i0
449 -893 1694
i1
1694 449 -893
i2
-893 1694 449
i0
447 -894 1697
i1
1697 447 -894
i2
-894 1697 447
i0
444 -895 1700
i1
1700 444 -895
i2
-895 1700 444
i0
442 -895 1703
i1
1703 442 -895
i2
-895 1703 442
i0
439 -896 1706
i1
1706 439 -896
i2
-896 1706 439
i0
437 -896 1709
i1
1709 437 -896
i2
-896 1709 437
i0
434 -897 1712
i1
1712 434 -897
i2
-897 1712 434
i0
432 -897 1715
i1
1715 432 -897
i2
-897 1715 432
i0
430 -898 1718
i1
1718 430 -898
i2
-898 1718 430
i0
427 -898 1721
i1
1721 427 -898
i2
-898 1721 427
i0
425 -899 1724
i1
1724 425 -899
i2
-899 1724 425
i0
422 -899 1727
i1
1727 422 -899
i2
-899 1727 422
i0
420 -900 1730
i1
1730 420 -900
i2
-900 1730 420
i0
417 -900 1733
i1
1733 417 -900
i2
-900 1733 417
i0
415 -901 1736
i1
1736 415 -901
i2
-901 1736 415
i0
412 -901 1739
i1
1739 412 -901
i2
-901 1739 412
i0
410 -902 1742
i1
1742 410 -902
i2
-902 1742 410
i0
408 -902 1745
i1
1745 408 -902
i2
-902 1745 408
i0
405 -903 1748
i1
1748 405 -903
i2
-903 1748 405
i0
403 -903 1751
i1
1751 403 -903
i2
-903 1751 403
i0
400 -904 1754
i1
1754 400 -904
i2
-904 1754 400
i0
398 -904 1757
i1
1757 398 -904
i2
-904 1757 398
i0
395 -905 1760
i1
1760 395 -905
i2
-905 1760 395
i0
393 -905 1762
i1
1762 393 -905
i2
-905 1762 393
i0
390 -906 1765
i1
1765 390 -906
i2
-906 1765 390
i0
388 -906 1768
i1
1768 388 -906
i2
-906 1768 388
i0
385 -906 1771
i1
1771 385 -906
i2
-906 1771 385
i0
383 -907 1774
i1
1774 383 -907
i2
-907 1774 383
i0
380 -907 1777
i1
1777 380 -907
i2
-907 1777 380
i0
378 -908 1780
i1
1780 378 -908
i2
-908 1780 378
i0
375 -908 1783
i1
1783 375 -908
i2
-908 1783 375
i0
373 -909 1786
i1
1786 373 -909
i2
-909 1786 373
i0
370 -909 1789
i1
1789 370 -909
i2
-909 1789 370
i0
368 -909 1792
i1
1792 368 -909
i2
-909 1792 368
i0
365 -910 1795
i1
1795 365 -910
i2
-910 1795 365
i0
363 -910 1797
i1
1797 363 -910
i2
-910 1797 363
i0
360 -911 1800
i1
1800 360 -911
i2
-911 1800 360
i0
358 -911 1803
i1
1803 358 -911
i2
-911 1803 358
i0
355 -911 1806
i1
1806 355 -911
i2
-911 1806 355
i0
353 -912 1809
i1
1809 353 -912
i2
-912 1809 353
i0
350 -912 1812
i1
1812 350 -912
i2
-912 1812 350
i0
348 -912 1815
i1
1815 348 -912
i2
-912 1815 348
i0
345 -913 1818
i1
1818 345 -913
i2
-913 1818 345
i0
343 -913 1821
i1
1821 343 -913
i2
-913 1821 343
i0
340 -913 1823
i1
1823 340 -913
i2
-913 1823 340
i0
337 -914 1826
i1
1826 337 -914
i2
-914 1826 337
i0
335 -914 1829
i1
1829 335 -914
i2
-914 1829 335
i0
332 -914 1832
i1
1832 332 -914
i2
-914 1832 332
i0
330 -915 1835
i1
1835 330 -915
i2
-915 1835 330
i0
327 -915 1838
i1
1838 327 -915
i2
-915 1838 327
i0
325 -915 1841
i1
1841 325 -915
i2
-915 1841 325
i0
322 -916 1843
i1
1843 322 -916
i2
-916 1843 322
i0
320 -916 1846
i1
1846 320 -916
i2
-916 1846 320
i0
317 -916 1849
i1
1849 317 -916
i2
-916 1849 317
i0
315 -917 1852
i1
1852 315 -917
i2
-917 1852 315
i0
312 -917 1855
i1
1855 312 -917
i2
-917 1855 312
i0
309 -917 1858
i1
1858 309 -917
i2
-917 1858 309
i0
307 -917 1861
i1
1861 307 -917
i2
-917 1861 307
i0
304 -918 1863
i1
1863 304 -918
i2
-918 1863 304
i0
302 -918 1866
i1
1866 302 -918
i2
-918 1866 302
i0
299 -918 1869
i1
1869 299 -918
i2
-918 1869 299
i0
297 -918 1872
i1
1872 297 -918
i2
-918 1872 297
i0
294 -919 1875
i1
1875 294 -919
i2
-919 1875 294
i0
291 -919 1877
i1
1877 291 -919
i2
-919 1877 291
i0
289 -919 1880
i1
1880 289 -919
i2
-919 1880 289
i0
286 -919 1883
i1
1883 286 -919
i2
-919 1883 286
i0
284 -920 1886
i1
1886 284 -920
i2
-920 1886 284
i0
281 -920 1889
i1
1889 281 -920
i2
-920 1889 281
i0
279 -920 1892
i1
1892 279 -920
i2
-920 1892 279
i0
276 -920 1894
i1
1894 276 -920
i2
-920 1894 276
i0
273 -921 1897
i1
1897 273 -921
i2
-921 1897 273
i0
271 -921 1900
i1
1900 271 -921
i2
-921 1900 271
i0
268 -921 1903
i1
1903 268 -921
i2
-921 1903 268
i0
266 -921 1906
i1
1906 266 -921
i2
-921 1906 266
i0
263 -921 1908
i1
1908 263 -921
i2
-921 1908 263
i0
260 -921 1911
i1
1911 260 -921
i2
-921 1911 260
i0
258 -922 1914
i1
1914 258 -922
i2
-922 1914 258
i0
255 -922 1917
i1
1917 255 -922
i2
-922 1917 255
i0
253 -922 1919
i1
1919 253 -922
i2
-922 1919 253
i0
250 -922 1922
i1
1922 250 -922
i2
-922 1922 250
i0
247 -922 1925
i1
1925 247 -922
i2
-922 1925 247
i0
245 -923 1928
i1
1928 245 -923
i2
-923 1928 245
i0
242 -923 1931
i1
1931 242 -923
i2
-923 1931 242
i0
239 -923 1933
i1
1933 239 -923
i2
-923 1933 239
i0
237 -923 1936
i1
1936 237 -923
i2
-923 1936 237
i0
234 -923 1939
i1
1939 234 -923
i2
-923 1939 234
i0
232 -923 1942
i1
1942 232 -923
i2
-923 1942 232
i0
229 -923 1944
i1
1944 229 -923
i2
-923 1944 229
i0
226 -923 1947
i1
1947 226 -923
i2
-923 1947 226
i0
224 -924 1950
i1
1950 224 -924
i2
-924 1950 224
i0
221 -924 1953
i1
1953 221 -924
i2
-924 1953 221
i0
218 -924 1955
i1
1955 218 -924
i2
-924 1955 218
