i0
415 400 400
i1
400 415 400
i2
400 400 415
i0
415 400 400
i1
400 415 400
i2
400 400 415
i0
415 400 400
i1
400 415 400
i2
400 400 415
i0
415 400 400
i1
400 415 400
i2
400 400 415
i0
415 400 400
i1
400 415 400
i2
400 400 415
i0
415 400 400
i1
400 415 400
i2
400 400 415
i0
415 400 400
i1
400 415 400
i2
400 400 415
i0
415 400 400
i1
400 415 400
i2
400 400 415
i0
415 400 400
i1
400 415 400
i2
400 400 415
i0
415 400 400
i1
400 415 400
i2
400 400 415
i0
415 400 400
i1
400 415 400
i2
400 400 415
i0
414 400 401
i1
401 414 400
i2
400 401 414
i0
414 400 401
i1
401 414 400
i2
400 401 414
i0
414 400 401
i1
401 414 400
i2
400 401 414
i0
414 400 401
i1
401 414 400
i2
400 401 414
i0
414 400 401
i1
401 414 400
i2
400 401 414
i0
414 400 401
i1
401 414 400
i2
400 401 414
i0
414 400 401
i1
401 414 400
i2
400 401 414
i0
414 400 401
i1
401 414 400
i2
400 401 414
i0
414 400 401
i1
401 414 400
i2
400 401 414
i0
413 400 402
i1
402 413 400
i2
400 402 413
i0
413 400 402
i1
402 413 400
i2
400 402 413
i0
413 400 402
i1
402 413 400
i2
400 402 413
i0
413 400 402
i1
402 413 400
i2
400 402 413
i0
413 400 402
i1
402 413 400
i2
400 402 413
i0
412 400 402
i1
402 412 400
i2
400 402 412
i0
412 400 403
i1
403 412 400
i2
400 403 412
i0
412 400 403
i1
403 412 400
i2
400 403 412
i0
412 400 403
i1
403 412 400
i2
400 403 412
i0
412 400 403
i1
403 412 400
i2
400 403 412
i0
411 400 404
i1
404 411 400
i2
400 404 411
i0
411 400 404
i1
404 411 400
i2
400 404 411
i0
411 400 404
i1
404 411 400
i2
400 404 411
i0
410 400 404
i1
404 410 400
i2
400 404 410
i0
410 400 405
i1
405 410 400
i2
400 405 410
i0
410 400 405
i1
405 410 400
i2
400 405 410
i0
410 400 405
i1
405 410 400
i2
400 405 410
i0
409 400 405
i1
405 409 400
i2
400 405 409
i0
409 401 406
i1
406 409 401
i2
401 406 409
i0
408 401 406
i1
406 408 401
i2
401 406 408
i0
408 401 406
i1
406 408 401
i2
401 406 408
i0
408 401 407
i1
407 408 401
i2
401 407 408
i0
407 401 407
i1
407 407 401
i2
401 407 407
i0
407 401 407
i1
407 407 401
i2
401 407 407
i0
406 401 407
i1
407 406 401
i2
401 407 406
i0
406 401 408
i1
408 406 401
i2
401 408 406
i0
405 402 408
i1
408 405 402
i2
402 408 405
i0
405 402 408
i1
408 405 402
i2
402 408 405
i0
404 402 409
i1
409 404 402
i2
402 409 404
i0
404 402 409
i1
409 404 402
i2
402 409 404
i0
403 403 409
i1
409 403 403
i2
403 409 403
i0
403 403 409
i1
409 403 403
i2
403 409 403
i0
402 403 410
i1
410 402 403
i2
403 410 402
i0
402 404 410
i1
410 402 404
i2
404 410 402
i0
401 404 410
i1
410 401 404
i2
404 410 401
i0
401 404 410
i1
410 401 404
i2
404 410 401
i0
400 405 410
i1
410 400 405
i2
405 410 400
i0
400 405 411
i1
411 400 405
i2
405 411 400
i0
399 405 411
i1
411 399 405
i2
405 411 399
i0
399 406 411
i1
411 399 406
i2
406 411 399
i0
398 406 411
i1
411 398 406
i2
406 411 398
i0
398 407 411
i1
411 398 407
i2
407 411 398
i0
397 407 411
i1
411 397 407
i2
407 411 397
i0
397 407 411
i1
411 397 407
i2
407 411 397
i0
396 408 411
i1
411 396 408
i2
408 411 396
i0
396 408 411
i1
411 396 408
i2
408 411 396
i0
395 408 411
i1
411 395 408
i2
408 411 395
i0
395 409 411
i1
411 395 409
i2
409 411 395
i0
394 409 411
i1
411 394 409
i2
409 411 394
i0
394 410 411
i1
411 394 410
i2
410 411 394
i0
393 410 411
i1
411 393 410
i2
410 411 393
i0
393 410 411
i1
411 393 410
i2
410 411 393
i0
393 411 411
i1
411 393 411
i2
411 411 393
i0
392 411 411
i1
411 392 411
i2
411 411 392
i0
392 412 411
i1
411 392 412
i2
412 411 392
i0
391 412 411
i1
411 391 412
i2
412 411 391
i0
391 413 411
i1
411 391 413
i2
413 411 391
i0
391 413 411
i1
411 391 413
i2
413 411 391
i0
390 413 411
i1
411 390 413
i2
413 411 390
i0
390 414 411
i1
411 390 414
i2
414 411 390
i0
389 414 411
i1
411 389 414
i2
414 411 389
i0
389 415 411
i1
411 389 415
i2
415 411 389
i0
389 415 411
i1
411 389 415
i2
415 411 389
i0
388 415 411
i1
411 388 415
i2
415 411 388
i0
388 416 411
i1
411 388 416
i2
416 411 388
i0
388 416 411
i1
411 388 416
i2
416 411 388
i0
387 417 411
i1
411 387 417
i2
417 411 387
i0
387 417 411
i1
411 387 417
i2
417 411 387
i0
387 417 411
i1
411 387 417
i2
417 411 387
i0
386 418 411
i1
411 386 418
i2
418 411 386
i0
386 418 411
i1
411 386 418
i2
418 411 386
i0
386 419 411
i1
411 386 419
i2
419 411 386
i0
385 419 411
i1
411 385 419
i2
419 411 385
i0
385 419 411
i1
411 385 419
i2
419 411 385
i0
385 420 411
i1
411 385 420
i2
420 411 385
i0
384 420 411
i1
411 384 420
i2
420 411 384
i0
384 420 410
i1
410 384 420
i2
420 410 384
i0
384 421 410
i1
410 384 421
i2
421 410 384
i0
383 421 410
i1
410 383 421
i2
421 410 383
i0
383 422 410
i1
410 383 422
i2
422 410 383
i0
383 422 410
i1
410 383 422
i2
422 410 383
i0
383 422 410
i1
410 383 422
i2
422 410 383
i0
382 423 410
i1
410 382 423
i2
423 410 382
i0
382 423 410
i1
410 382 423
i2
423 410 382
i0
382 424 410
i1
410 382 424
i2
424 410 382
i0
381 424 410
i1
410 381 424
i2
424 410 381
i0
381 424 409
i1
409 381 424
i2
424 409 381
i0
381 425 409
i1
409 381 425
i2
425 409 381
i0
381 425 409
i1
409 381 425
i2
425 409 381
i0
380 425 409
i1
409 380 425
i2
425 409 380
i0
380 426 409
i1
409 380 426
i2
426 409 380
i0
380 426 409
i1
409 380 426
i2
426 409 380
i0
380 427 409
i1
409 380 427
i2
427 409 380
i0
379 427 409
i1
409 379 427
i2
427 409 379
i0
379 427 409
i1
409 379 427
i2
427 409 379
i0
379 428 408
i1
408 379 428
i2
428 408 379
i0
379 428 408
i1
408 379 428
i2
428 408 379
i0
378 428 408
i1
408 378 428
i2
428 408 378
i0
378 429 408
i1
408 378 429
i2
429 408 378
i0
378 429 408
i1
408 378 429
i2
429 408 378
i0
378 429 408
i1
408 378 429
i2
429 408 378
i0
377 430 408
i1
408 377 430
i2
430 408 377
i0
377 430 408
i1
408 377 430
i2
430 408 377
i0
377 431 407
i1
407 377 431
i2
431 407 377
i0
377 431 407
i1
407 377 431
i2
431 407 377
i0
377 431 407
i1
407 377 431
i2
431 407 377
i0
376 432 407
i1
407 376 432
i2
432 407 376
i0
376 432 407
i1
407 376 432
i2
432 407 376
i0
376 432 407
i1
407 376 432
i2
432 407 376
i0
376 433 407
i1
407 376 433
i2
433 407 376
i0
376 433 406
i1
406 376 433
i2
433 406 376
i0
375 433 406
i1
406 375 433
i2
433 406 375
i0
375 434 406
i1
406 375 434
i2
434 406 375
i0
375 434 406
i1
406 375 434
i2
434 406 375
i0
375 434 406
i1
406 375 434
i2
434 406 375
i0
375 435 406
i1
406 375 435
i2
435 406 375
i0
374 435 406
i1
406 374 435
i2
435 406 374
i0
374 435 405
i1
405 374 435
i2
435 405 374
i0
374 436 405
i1
405 374 436
i2
436 405 374
i0
374 436 405
i1
405 374 436
i2
436 405 374
i0
374 437 405
i1
405 374 437
i2
437 405 374
i0
373 437 405
i1
405 373 437
i2
437 405 373
i0
373 437 405
i1
405 373 437
i2
437 405 373
i0
373 438 404
i1
404 373 438
i2
438 404 373
i0
373 438 404
i1
404 373 438
i2
438 404 373
i0
373 438 404
i1
404 373 438
i2
438 404 373
i0
373 439 404
i1
404 373 439
i2
439 404 373
i0
372 439 404
i1
404 372 439
i2
439 404 372
i0
372 439 404
i1
404 372 439
i2
439 404 372
i0
372 440 403
i1
403 372 440
i2
440 403 372
i0
372 440 403
i1
403 372 440
i2
440 403 372
i0
372 440 403
i1
403 372 440
i2
440 403 372
i0
372 441 403
i1
403 372 441
i2
441 403 372
i0
371 441 403
i1
403 371 441
i2
441 403 371
i0
371 441 403
i1
403 371 441
i2
441 403 371
i0
371 442 402
i1
402 371 442
i2
442 402 371
i0
371 442 402
i1
402 371 442
i2
442 402 371
i0
371 442 402
i1
402 371 442
i2
442 402 371
i0
371 442 402
i1
402 371 442
i2
442 402 371
i0
370 443 402
i1
402 370 443
i2
443 402 370
i0
370 443 402
i1
402 370 443
i2
443 402 370
i0
370 443 401
i1
401 370 443
i2
443 401 370
i0
370 444 401
i1
401 370 444
i2
444 401 370
i0
370 444 401
i1
401 370 444
i2
444 401 370
i0
370 444 401
i1
401 370 444
i2
444 401 370
i0
370 445 401
i1
401 370 445
i2
445 401 370
i0
370 445 400
i1
400 370 445
i2
445 400 370
i0
369 445 400
i1
400 369 445
i2
445 400 369
i0
369 446 400
i1
400 369 446
i2
446 400 369
i0
369 446 400
i1
400 369 446
i2
446 400 369
i0
369 446 400
i1
400 369 446
i2
446 400 369
i0
369 447 400
i1
400 369 447
i2
447 400 369
i0
369 447 399
i1
399 369 447
i2
447 399 369
i0
369 447 399
i1
399 369 447
i2
447 399 369
i0
369 447 399
i1
399 369 447
i2
447 399 369
i0
368 448 399
i1
399 368 448
i2
448 399 368
i0
368 448 399
i1
399 368 448
i2
448 399 368
i0
368 448 398
i1
398 368 448
i2
448 398 368
i0
368 449 398
i1
398 368 449
i2
449 398 368
i0
368 449 398
i1
398 368 449
i2
449 398 368
i0
368 449 398
i1
398 368 449
i2
449 398 368
i0
368 450 398
i1
398 368 450
i2
450 398 368
i0
368 450 397
i1
397 368 450
i2
450 397 368
i0
368 450 397
i1
397 368 450
i2
450 397 368
i0
367 450 397
i1
397 367 450
i2
450 397 367
i0
367 451 397
i1
397 367 451
i2
451 397 367
i0
367 451 397
i1
397 367 451
i2
451 397 367
i0
367 451 397
i1
397 367 451
i2
451 397 367
i0
367 452 396
i1
396 367 452
i2
452 396 367
i0
367 452 396
i1
396 367 452
i2
452 396 367
i0
367 452 396
i1
396 367 452
i2
452 396 367
i0
367 452 396
i1
396 367 452
i2
452 396 367
i0
367 453 396
i1
396 367 453
i2
453 396 367
i0
367 453 395
i1
395 367 453
i2
453 395 367
i0
367 453 395
i1
395 367 453
i2
453 395 367
i0
366 454 395
i1
395 366 454
i2
454 395 366
i0
366 454 395
i1
395 366 454
i2
454 395 366
i0
366 454 395
i1
395 366 454
i2
454 395 366
i0
366 454 394
i1
394 366 454
i2
454 394 366
i0
366 455 394
i1
394 366 455
i2
455 394 366
i0
366 455 394
i1
394 366 455
i2
455 394 366
i0
366 455 394
i1
394 366 455
i2
455 394 366
i0
366 456 394
i1
394 366 456
i2
456 394 366
i0
366 456 393
i1
393 366 456
i2
456 393 366
i0
366 456 393
i1
393 366 456
i2
456 393 366
i0
366 456 393
i1
393 366 456
i2
456 393 366
i0
366 457 393
i1
393 366 457
i2
457 393 366
i0
366 457 392
i1
392 366 457
i2
457 392 366
i0
366 457 392
i1
392 366 457
i2
457 392 366
i0
365 457 392
i1
392 365 457
i2
457 392 365
i0
365 458 392
i1
392 365 458
i2
458 392 365
i0
365 458 392
i1
392 365 458
i2
458 392 365
i0
365 458 391
i1
391 365 458
i2
458 391 365
i0
365 458 391
i1
391 365 458
i2
458 391 365
i0
365 459 391
i1
391 365 459
i2
459 391 365
i0
365 459 391
i1
391 365 459
i2
459 391 365
i0
365 459 391
i1
391 365 459
i2
459 391 365
i0
365 460 390
i1
390 365 460
i2
460 390 365
i0
365 460 390
i1
390 365 460
i2
460 390 365
i0
365 460 390
i1
390 365 460
i2
460 390 365
i0
365 460 390
i1
390 365 460
i2
460 390 365
i0
365 461 390
i1
390 365 461
i2
461 390 365
i0
365 461 389
i1
389 365 461
i2
461 389 365
i0
365 461 389
i1
389 365 461
i2
461 389 365
i0
365 461 389
i1
389 365 461
i2
461 389 365
i0
365 462 389
i1
389 365 462
i2
462 389 365
i0
365 462 389
i1
389 365 462
i2
462 389 365
i0
365 462 388
i1
388 365 462
i2
462 388 365
i0
365 462 388
i1
388 365 462
i2
462 388 365
i0
365 463 388
i1
388 365 463
i2
463 388 365
i0
365 463 388
i1
388 365 463
i2
463 388 365
i0
365 463 387
i1
387 365 463
i2
463 387 365
i0
364 463 387
i1
387 364 463
i2
463 387 364
i0
364 464 387
i1
387 364 464
i2
464 387 364
i0
364 464 387
i1
387 364 464
i2
464 387 364
i0
364 464 387
i1
387 364 464
i2
464 387 364
i0
364 464 386
i1
386 364 464
i2
464 386 364
i0
364 464 386
i1
386 364 464
i2
464 386 364
i0
364 465 386
i1
386 364 465
i2
465 386 364
i0
364 465 386
i1
386 364 465
i2
465 386 364
i0
364 465 386
i1
386 364 465
i2
465 386 364
i0
364 465 385
i1
385 364 465
i2
465 385 364
i0
364 466 385
i1
385 364 466
i2
466 385 364
i0
364 466 385
i1
385 364 466
i2
466 385 364
i0
364 466 385
i1
385 364 466
i2
466 385 364
i0
364 466 384
i1
384 364 466
i2
466 384 364
i0
364 467 384
i1
384 364 467
i2
467 384 364
i0
364 467 384
i1
384 364 467
i2
467 384 364
i0
364 467 384
i1
384 364 467
i2
467 384 364
i0
364 467 384
i1
384 364 467
i2
467 384 364
i0
364 467 383
i1
383 364 467
i2
467 383 364
i0
364 468 383
i1
383 364 468
i2
468 383 364
i0
364 468 383
i1
383 364 468
i2
468 383 364
i0
364 468 383
i1
383 364 468
i2
468 383 364
i0
364 468 382
i1
382 364 468
i2
468 382 364
i0
364 469 382
i1
382 364 469
i2
469 382 364
i0
364 469 382
i1
382 364 469
i2
469 382 364
i0
364 469 382
i1
382 364 469
i2
469 382 364
i0
364 469 382
i1
382 364 469
i2
469 382 364
i0
364 469 381
i1
381 364 469
i2
469 381 364
i0
364 470 381
i1
381 364 470
i2
470 381 364
i0
364 470 381
i1
381 364 470
i2
470 381 364
i0
364 470 381
i1
381 364 470
i2
470 381 364
i0
364 470 380
i1
380 364 470
i2
470 380 364
i0
364 471 380
i1
380 364 471
i2
471 380 364
i0
364 471 380
i1
380 364 471
i2
471 380 364
i0
364 471 380
i1
380 364 471
i2
471 380 364
i0
364 471 380
i1
380 364 471
i2
471 380 364
i0
364 471 379
i1
379 364 471
i2
471 379 364
i0
364 472 379
i1
379 364 472
i2
472 379 364
i0
364 472 379
i1
379 364 472
i2
472 379 364
i0
364 472 379
i1
379 364 472
i2
472 379 364
i0
364 472 378
i1
378 364 472
i2
472 378 364
i0
364 472 378
i1
378 364 472
i2
472 378 364
i0
364 473 378
i1
378 364 473
i2
473 378 364
i0
364 473 378
i1
378 364 473
i2
473 378 364
i0
364 473 378
i1
378 364 473
i2
473 378 364
i0
364 473 377
i1
377 364 473
i2
473 377 364
i0
364 473 377
i1
377 364 473
i2
473 377 364
i0
364 474 377
i1
377 364 474
i2
474 377 364
i0
364 474 377
i1
377 364 474
i2
474 377 364
i0
365 474 376
i1
376 365 474
i2
474 376 365
i0
365 474 376
i1
376 365 474
i2
474 376 365
i0
365 474 376
i1
376 365 474
i2
474 376 365
i0
365 475 376
i1
376 365 475
i2
475 376 365
i0
365 475 376
i1
376 365 475
i2
475 376 365
i0
365 475 375
i1
375 365 475
i2
475 375 365
i0
365 475 375
i1
375 365 475
i2
475 375 365
i0
365 475 375
i1
375 365 475
i2
475 375 365
i0
365 476 375
i1
375 365 476
i2
476 375 365
i0
365 476 374
i1
374 365 476
i2
476 374 365
i0
365 476 374
i1
374 365 476
i2
476 374 365
i0
365 476 374
i1
374 365 476
i2
476 374 365
i0
365 476 374
i1
374 365 476
i2
476 374 365
i0
365 476 374
i1
374 365 476
i2
476 374 365
i0
365 477 373
i1
373 365 477
i2
477 373 365
i0
365 477 373
i1
373 365 477
i2
477 373 365
i0
365 477 373
i1
373 365 477
i2
477 373 365
i0
365 477 373
i1
373 365 477
i2
477 373 365
i0
365 477 372
i1
372 365 477
i2
477 372 365
i0
365 478 372
i1
372 365 478
i2
478 372 365
i0
365 478 372
i1
372 365 478
i2
478 372 365
i0
365 478 372
i1
372 365 478
i2
478 372 365
i0
365 478 372
i1
372 365 478
i2
478 372 365
i0
365 478 371
i1
371 365 478
i2
478 371 365
i0
366 478 371
i1
371 366 478
i2
478 371 366
i0
366 479 371
i1
371 366 479
i2
479 371 366
i0
366 479 371
i1
371 366 479
i2
479 371 366
i0
366 479 370
i1
370 366 479
i2
479 370 366
i0
366 479 370
i1
370 366 479
i2
479 370 366
i0
366 479 370
i1
370 366 479
i2
479 370 366
i0
366 479 370
i1
370 366 479
i2
479 370 366
i0
366 480 369
i1
369 366 480
i2
480 369 366
i0
366 480 369
i1
369 366 480
i2
480 369 366
i0
366 480 369
i1
369 366 480
i2
480 369 366
i0
366 480 369
i1
369 366 480
i2
480 369 366
i0
366 480 369
i1
369 366 480
i2
480 369 366
i0
366 480 368
i1
368 366 480
i2
480 368 366
i0
366 481 368
i1
368 366 481
i2
481 368 366
i0
366 481 368
i1
368 366 481
i2
481 368 366
i0
366 481 368
i1
368 366 481
i2
481 368 366
i0
366 481 367
i1
367 366 481
i2
481 367 366
i0
367 481 367
i1
367 367 481
i2
481 367 367
i0
367 481 367
i1
367 367 481
i2
481 367 367
i0
367 482 367
i1
367 367 482
i2
482 367 367
i0
367 482 367
i1
367 367 482
i2
482 367 367
i0
367 482 366
i1
366 367 482
i2
482 366 367
i0
367 482 366
i1
366 367 482
i2
482 366 367
i0
367 482 366
i1
366 367 482
i2
482 366 367
i0
367 482 366
i1
366 367 482
i2
482 366 367
i0
367 482 365
i1
365 367 482
i2
482 365 367
i0
367 483 365
i1
365 367 483
i2
483 365 367
i0
367 483 365
i1
365 367 483
i2
483 365 367
i0
367 483 365
i1
365 367 483
i2
483 365 367
i0
367 483 364
i1
364 367 483
i2
483 364 367
i0
368 483 364
i1
364 368 483
i2
483 364 368
i0
368 483 364
i1
364 368 483
i2
483 364 368
i0
368 483 364
i1
364 368 483
i2
483 364 368
i0
368 484 364
i1
364 368 484
i2
484 364 368
i0
368 484 363
i1
363 368 484
i2
484 363 368
i0
368 484 363
i1
363 368 484
i2
484 363 368
i0
368 484 363
i1
363 368 484
i2
484 363 368
i0
368 484 363
i1
363 368 484
i2
484 363 368
i0
368 484 362
i1
362 368 484
i2
484 362 368
i0
368 484 362
i1
362 368 484
i2
484 362 368
i0
368 485 362
i1
362 368 485
i2
485 362 368
i0
368 485 362
i1
362 368 485
i2
485 362 368
i0
369 485 362
i1
362 369 485
i2
485 362 369
i0
369 485 361
i1
361 369 485
i2
485 361 369
i0
369 485 361
i1
361 369 485
i2
485 361 369
i0
369 485 361
i1
361 369 485
i2
485 361 369
i0
369 485 361
i1
361 369 485
i2
485 361 369
i0
369 486 360
i1
360 369 486
i2
486 360 369
i0
369 486 360
i1
360 369 486
i2
486 360 369
i0
369 486 360
i1
360 369 486
i2
486 360 369
i0
369 486 360
i1
360 369 486
i2
486 360 369
i0
369 486 360
i1
360 369 486
i2
486 360 369
i0
370 486 359
i1
359 370 486
i2
486 359 370
i0
370 486 359
i1
359 370 486
i2
486 359 370
i0
370 486 359
i1
359 370 486
i2
486 359 370
i0
370 487 359
i1
359 370 487
i2
487 359 370
i0
370 487 358
i1
358 370 487
i2
487 358 370
i0
370 487 358
i1
358 370 487
i2
487 358 370
i0
370 487 358
i1
358 370 487
i2
487 358 370
i0
370 487 358
i1
358 370 487
i2
487 358 370
i0
370 487 357
i1
357 370 487
i2
487 357 370
i0
370 487 357
i1
357 370 487
i2
487 357 370
i0
371 487 357
i1
357 371 487
i2
487 357 371
i0
371 488 357
i1
357 371 488
i2
488 357 371
i0
371 488 357
i1
357 371 488
i2
488 357 371
i0
371 488 356
i1
356 371 488
i2
488 356 371
i0
371 488 356
i1
356 371 488
i2
488 356 371
i0
371 488 356
i1
356 371 488
i2
488 356 371
i0
371 488 356
i1
356 371 488
i2
488 356 371
i0
371 488 355
i1
355 371 488
i2
488 355 371
i0
371 488 355
i1
355 371 488
i2
488 355 371
i0
372 488 355
i1
355 372 488
i2
488 355 372
i0
372 489 355
i1
355 372 489
i2
489 355 372
i0
372 489 355
i1
355 372 489
i2
489 355 372
i0
372 489 354
i1
354 372 489
i2
489 354 372
i0
372 489 354
i1
354 372 489
i2
489 354 372
i0
372 489 354
i1
354 372 489
i2
489 354 372
i0
372 489 354
i1
354 372 489
i2
489 354 372
i0
372 489 353
i1
353 372 489
i2
489 353 372
i0
373 489 353
i1
353 373 489
i2
489 353 373
i0
373 489 353
i1
353 373 489
i2
489 353 373
i0
373 489 353
i1
353 373 489
i2
489 353 373
i0
373 490 353
i1
353 373 490
i2
490 353 373
i0
373 490 352
i1
352 373 490
i2
490 352 373
i0
373 490 352
i1
352 373 490
i2
490 352 373
i0
373 490 352
i1
352 373 490
i2
490 352 373
i0
373 490 352
i1
352 373 490
i2
490 352 373
i0
374 490 351
i1
351 374 490
i2
490 351 374
i0
374 490 351
i1
351 374 490
i2
490 351 374
i0
374 490 351
i1
351 374 490
i2
490 351 374
i0
374 490 351
i1
351 374 490
i2
490 351 374
i0
374 490 351
i1
351 374 490
i2
490 351 374
i0
374 490 350
i1
350 374 490
i2
490 350 374
i0
374 491 350
i1
350 374 491
i2
491 350 374
i0
374 491 350
i1
350 374 491
i2
491 350 374
i0
375 491 350
i1
350 375 491
i2
491 350 375
i0
375 491 349
i1
349 375 491
i2
491 349 375
i0
375 491 349
i1
349 375 491
i2
491 349 375
i0
375 491 349
i1
349 375 491
i2
491 349 375
i0
375 491 349
i1
349 375 491
i2
491 349 375
i0
375 491 349
i1
349 375 491
i2
491 349 375
i0
375 491 348
i1
348 375 491
i2
491 348 375
i0
376 491 348
i1
348 376 491
i2
491 348 376
i0
376 491 348
i1
348 376 491
i2
491 348 376
i0
376 492 348
i1
348 376 492
i2
492 348 376
i0
376 492 347
i1
347 376 492
i2
492 347 376
i0
376 492 347
i1
347 376 492
i2
492 347 376
i0
376 492 347
i1
347 376 492
i2
492 347 376
i0
376 492 347
i1
347 376 492
i2
492 347 376
i0
376 492 347
i1
347 376 492
i2
492 347 376
i0
377 492 346
i1
346 377 492
i2
492 346 377
i0
377 492 346
i1
346 377 492
i2
492 346 377
i0
377 492 346
i1
346 377 492
i2
492 346 377
i0
377 492 346
i1
346 377 492
i2
492 346 377
i0
377 492 346
i1
346 377 492
i2
492 346 377
i0
377 492 345
i1
345 377 492
i2
492 345 377
i0
378 492 345
i1
345 378 492
i2
492 345 378
i0
378 492 345
i1
345 378 492
i2
492 345 378
i0
378 493 345
i1
345 378 493
i2
493 345 378
i0
378 493 344
i1
344 378 493
i2
493 344 378
i0
378 493 344
i1
344 378 493
i2
493 344 378
i0
378 493 344
i1
344 378 493
i2
493 344 378
i0
378 493 344
i1
344 378 493
i2
493 344 378
i0
379 493 344
i1
344 379 493
i2
493 344 379
i0
379 493 343
i1
343 379 493
i2
493 343 379
i0
379 493 343
i1
343 379 493
i2
493 343 379
i0
379 493 343
i1
343 379 493
i2
493 343 379
i0
379 493 343
i1
343 379 493
i2
493 343 379
i0
379 493 342
i1
342 379 493
i2
493 342 379
i0
379 493 342
i1
342 379 493
i2
493 342 379
i0
380 493 342
i1
342 380 493
i2
493 342 380
i0
380 493 342
i1
342 380 493
i2
493 342 380
i0
380 493 342
i1
342 380 493
i2
493 342 380
i0
380 493 341
i1
341 380 493
i2
493 341 380
i0
380 494 341
i1
341 380 494
i2
494 341 380
i0
380 494 341
i1
341 380 494
i2
494 341 380
i0
381 494 341
i1
341 381 494
i2
494 341 381
i0
381 494 341
i1
341 381 494
i2
494 341 381
i0
381 494 340
i1
340 381 494
i2
494 340 381
i0
381 494 340
i1
340 381 494
i2
494 340 381
i0
381 494 340
i1
340 381 494
i2
494 340 381
i0
381 494 340
i1
340 381 494
i2
494 340 381
i0
382 494 340
i1
340 382 494
i2
494 340 382
i0
382 494 339
i1
339 382 494
i2
494 339 382
i0
382 494 339
i1
339 382 494
i2
494 339 382
i0
382 494 339
i1
339 382 494
i2
494 339 382
i0
382 494 339
i1
339 382 494
i2
494 339 382
i0
382 494 338
i1
338 382 494
i2
494 338 382
i0
383 494 338
i1
338 383 494
i2
494 338 383
i0
383 494 338
i1
338 383 494
i2
494 338 383
i0
383 494 338
i1
338 383 494
i2
494 338 383
i0
383 494 338
i1
338 383 494
i2
494 338 383
i0
383 494 337
i1
337 383 494
i2
494 337 383
i0
383 494 337
i1
337 383 494
i2
494 337 383
i0
384 494 337
i1
337 384 494
i2
494 337 384
i0
384 494 337
i1
337 384 494
i2
494 337 384
i0
384 494 337
i1
337 384 494
i2
494 337 384
i0
384 495 336
i1
336 384 495
i2
495 336 384
i0
384 495 336
i1
336 384 495
i2
495 336 384
i0
384 495 336
i1
336 384 495
i2
495 336 384
i0
385 495 336
i1
336 385 495
i2
495 336 385
i0
385 495 336
i1
336 385 495
i2
495 336 385
i0
385 495 335
i1
335 385 495
i2
495 335 385
i0
385 495 335
i1
335 385 495
i2
495 335 385
i0
385 495 335
i1
335 385 495
i2
495 335 385
i0
386 495 335
i1
335 386 495
i2
495 335 386
i0
386 495 335
i1
335 386 495
i2
495 335 386
i0
386 495 334
i1
334 386 495
i2
495 334 386
i0
386 495 334
i1
334 386 495
i2
495 334 386
i0
386 495 334
i1
334 386 495
i2
495 334 386
i0
386 495 334
i1
334 386 495
i2
495 334 386
i0
387 495 333
i1
333 387 495
i2
495 333 387
i0
387 495 333
i1
333 387 495
i2
495 333 387
i0
387 495 333
i1
333 387 495
i2
495 333 387
i0
387 495 333
i1
333 387 495
i2
495 333 387
i0
387 495 333
i1
333 387 495
i2
495 333 387
i0
387 495 332
i1
332 387 495
i2
495 332 387
i0
388 495 332
i1
332 388 495
i2
495 332 388
i0
388 495 332
i1
332 388 495
i2
495 332 388
i0
388 495 332
i1
332 388 495
i2
495 332 388
i0
388 495 332
i1
332 388 495
i2
495 332 388
i0
388 495 331
i1
331 388 495
i2
495 331 388
i0
389 495 331
i1
331 389 495
i2
495 331 389
i0
389 495 331
i1
331 389 495
i2
495 331 389
i0
389 495 331
i1
331 389 495
i2
495 331 389
i0
389 495 331
i1
331 389 495
i2
495 331 389
i0
389 495 330
i1
330 389 495
i2
495 330 389
i0
390 495 330
i1
330 390 495
i2
495 330 390
i0
390 495 330
i1
330 390 495
i2
495 330 390
i0
390 495 330
i1
330 390 495
i2
495 330 390
i0
390 495 330
i1
330 390 495
i2
495 330 390
i0
390 495 329
i1
329 390 495
i2
495 329 390
i0
391 495 329
i1
329 391 495
i2
495 329 391
i0
391 495 329
i1
329 391 495
i2
495 329 391
i0
391 495 329
i1
329 391 495
i2
495 329 391
i0
391 495 329
i1
329 391 495
i2
495 329 391
i0
391 495 328
i1
328 391 495
i2
495 328 391
i0
391 495 328
i1
328 391 495
i2
495 328 391
i0
392 495 328
i1
328 392 495
i2
495 328 392
i0
392 495 328
i1
328 392 495
i2
495 328 392
i0
392 495 328
i1
328 392 495
i2
495 328 392
i0
392 495 327
i1
327 392 495
i2
495 327 392
i0
392 495 327
i1
327 392 495
i2
495 327 392
i0
393 495 327
i1
327 393 495
i2
495 327 393
i0
393 495 327
i1
327 393 495
i2
495 327 393
i0
393 495 327
i1
327 393 495
i2
495 327 393
i0
393 495 327
i1
327 393 495
i2
495 327 393
i0
393 495 326
i1
326 393 495
i2
495 326 393
i0
394 495 326
i1
326 394 495
i2
495 326 394
i0
394 495 326
i1
326 394 495
i2
495 326 394
i0
394 495 326
i1
326 394 495
i2
495 326 394
i0
394 495 326
i1
326 394 495
i2
495 326 394
i0
394 495 325
i1
325 394 495
i2
495 325 394
i0
395 495 325
i1
325 395 495
i2
495 325 395
i0
395 495 325
i1
325 395 495
i2
495 325 395
i0
395 495 325
i1
325 395 495
i2
495 325 395
i0
395 495 325
i1
325 395 495
i2
495 325 395
i0
395 495 324
i1
324 395 495
i2
495 324 395
i0
396 495 324
i1
324 396 495
i2
495 324 396
i0
396 495 324
i1
324 396 495
i2
495 324 396
i0
396 495 324
i1
324 396 495
i2
495 324 396
i0
396 495 324
i1
324 396 495
i2
495 324 396
i0
397 495 323
i1
323 397 495
i2
495 323 397
i0
397 495 323
i1
323 397 495
i2
495 323 397
i0
397 495 323
i1
323 397 495
i2
495 323 397
i0
397 495 323
i1
323 397 495
i2
495 323 397
i0
397 495 323
i1
323 397 495
i2
495 323 397
i0
398 495 323
i1
323 398 495
i2
495 323 398
i0
398 495 322
i1
322 398 495
i2
495 322 398
i0
398 495 322
i1
322 398 495
i2
495 322 398
i0
398 495 322
i1
322 398 495
i2
495 322 398
i0
398 495 322
i1
322 398 495
i2
495 322 398
i0
399 495 322
i1
322 399 495
i2
495 322 399
i0
399 495 321
i1
321 399 495
i2
495 321 399
i0
399 495 321
i1
321 399 495
i2
495 321 399
i0
399 495 321
i1
321 399 495
i2
495 321 399
i0
399 495 321
i1
321 399 495
i2
495 321 399
i0
400 495 321
i1
321 400 495
i2
495 321 400
i0
400 495 321
i1
321 400 495
i2
495 321 400
i0
400 495 320
i1
320 400 495
i2
495 320 400
i0
400 495 320
i1
320 400 495
i2
495 320 400
i0
401 494 320
i1
320 401 494
i2
494 320 401
i0
401 494 320
i1
320 401 494
i2
494 320 401
i0
401 494 320
i1
320 401 494
i2
494 320 401
i0
401 494 319
i1
319 401 494
i2
494 319 401
i0
401 494 319
i1
319 401 494
i2
494 319 401
i0
402 494 319
i1
319 402 494
i2
494 319 402
i0
402 494 319
i1
319 402 494
i2
494 319 402
i0
402 494 319
i1
319 402 494
i2
494 319 402
i0
402 494 319
i1
319 402 494
i2
494 319 402
i0
403 494 318
i1
318 403 494
i2
494 318 403
i0
403 494 318
i1
318 403 494
i2
494 318 403
i0
403 494 318
i1
318 403 494
i2
494 318 403
i0
403 494 318
i1
318 403 494
i2
494 318 403
i0
403 494 318
i1
318 403 494
i2
494 318 403
i0
404 494 317
i1
317 404 494
i2
494 317 404
i0
404 494 317
i1
317 404 494
i2
494 317 404
i0
404 494 317
i1
317 404 494
i2
494 317 404
i0
404 494 317
i1
317 404 494
i2
494 317 404
i0
405 494 317
i1
317 405 494
i2
494 317 405
i0
405 494 317
i1
317 405 494
i2
494 317 405
i0
405 494 316
i1
316 405 494
i2
494 316 405
i0
405 494 316
i1
316 405 494
i2
494 316 405
i0
405 494 316
i1
316 405 494
i2
494 316 405
i0
406 493 316
i1
316 406 493
i2
493 316 406
i0
406 493 316
i1
316 406 493
i2
493 316 406
i0
406 493 316
i1
316 406 493
i2
493 316 406
i0
406 493 315
i1
315 406 493
i2
493 315 406
i0
407 493 315
i1
315 407 493
i2
493 315 407
i0
407 493 315
i1
315 407 493
i2
493 315 407
i0
407 493 315
i1
315 407 493
i2
493 315 407
i0
407 493 315
i1
315 407 493
i2
493 315 407
i0
407 493 315
i1
315 407 493
i2
493 315 407
i0
408 493 314
i1
314 408 493
i2
493 314 408
i0
408 493 314
i1
314 408 493
i2
493 314 408
i0
408 493 314
i1
314 408 493
i2
493 314 408
i0
408 493 314
i1
314 408 493
i2
493 314 408
i0
409 493 314
i1
314 409 493
i2
493 314 409
i0
409 493 314
i1
314 409 493
i2
493 314 409
i0
409 493 313
i1
313 409 493
i2
493 313 409
i0
409 493 313
i1
313 409 493
i2
493 313 409
i0
410 492 313
i1
313 410 492
i2
492 313 410
i0
410 492 313
i1
313 410 492
i2
492 313 410
i0
410 492 313
i1
313 410 492
i2
492 313 410
i0
410 492 313
i1
313 410 492
i2
492 313 410
i0
410 492 312
i1
312 410 492
i2
492 312 410
i0
411 492 312
i1
312 411 492
i2
492 312 411
i0
411 492 312
i1
312 411 492
i2
492 312 411
i0
411 492 312
i1
312 411 492
i2
492 312 411
i0
411 492 312
i1
312 411 492
i2
492 312 411
i0
412 492 312
i1
312 412 492
i2
492 312 412
i0
412 492 311
i1
311 412 492
i2
492 311 412
i0
412 492 311
i1
311 412 492
i2
492 311 412
i0
412 492 311
i1
311 412 492
i2
492 311 412
i0
413 492 311
i1
311 413 492
i2
492 311 413
i0
413 491 311
i1
311 413 491
i2
491 311 413
i0
413 491 311
i1
311 413 491
i2
491 311 413
i0
413 491 310
i1
310 413 491
i2
491 310 413
i0
414 491 310
i1
310 414 491
i2
491 310 414
i0
414 491 310
i1
310 414 491
i2
491 310 414
i0
414 491 310
i1
310 414 491
i2
491 310 414
i0
414 491 310
i1
310 414 491
i2
491 310 414
i0
414 491 310
i1
310 414 491
i2
491 310 414
i0
415 491 309
i1
309 415 491
i2
491 309 415
i0
415 491 309
i1
309 415 491
i2
491 309 415
i0
415 491 309
i1
309 415 491
i2
491 309 415
i0
415 491 309
i1
309 415 491
i2
491 309 415
i0
416 490 309
i1
309 416 490
i2
490 309 416
i0
416 490 309
i1
309 416 490
i2
490 309 416
i0
416 490 309
i1
309 416 490
i2
490 309 416
i0
416 490 308
i1
308 416 490
i2
490 308 416
i0
417 490 308
i1
308 417 490
i2
490 308 417
i0
417 490 308
i1
308 417 490
i2
490 308 417
i0
417 490 308
i1
308 417 490
i2
490 308 417
i0
417 490 308
i1
308 417 490
i2
490 308 417
i0
418 490 308
i1
308 418 490
i2
490 308 418
i0
418 490 307
i1
307 418 490
i2
490 307 418
i0
418 490 307
i1
307 418 490
i2
490 307 418
i0
418 489 307
i1
307 418 489
i2
489 307 418
i0
419 489 307
i1
307 419 489
i2
489 307 419
i0
419 489 307
i1
307 419 489
i2
489 307 419
i0
419 489 307
i1
307 419 489
i2
489 307 419
i0
419 489 307
i1
307 419 489
i2
489 307 419
i0
420 489 306
i1
306 420 489
i2
489 306 420
i0
420 489 306
i1
306 420 489
i2
489 306 420
i0
420 489 306
i1
306 420 489
i2
489 306 420
i0
420 489 306
i1
306 420 489
i2
489 306 420
i0
421 489 306
i1
306 421 489
i2
489 306 421
i0
421 488 306
i1
306 421 488
i2
488 306 421
i0
421 488 306
i1
306 421 488
i2
488 306 421
i0
421 488 305
i1
305 421 488
i2
488 305 421
i0
422 488 305
i1
305 422 488
i2
488 305 422
i0
422 488 305
i1
305 422 488
i2
488 305 422
i0
422 488 305
i1
305 422 488
i2
488 305 422
i0
422 488 305
i1
305 422 488
i2
488 305 422
i0
423 488 305
i1
305 423 488
i2
488 305 423
i0
423 488 305
i1
305 423 488
i2
488 305 423
i0
423 488 304
i1
304 423 488
i2
488 304 423
i0
423 487 304
i1
304 423 487
i2
487 304 423
i0
424 487 304
i1
304 424 487
i2
487 304 424
i0
424 487 304
i1
304 424 487
i2
487 304 424
i0
424 487 304
i1
304 424 487
i2
487 304 424
i0
424 487 304
i1
304 424 487
i2
487 304 424
i0
425 487 304
i1
304 425 487
i2
487 304 425
i0
425 487 303
i1
303 425 487
i2
487 303 425
i0
425 487 303
i1
303 425 487
i2
487 303 425
i0
425 487 303
i1
303 425 487
i2
487 303 425
i0
426 486 303
i1
303 426 486
i2
486 303 426
i0
426 486 303
i1
303 426 486
i2
486 303 426
i0
426 486 303
i1
303 426 486
i2
486 303 426
i0
426 486 303
i1
303 426 486
i2
486 303 426
i0
427 486 303
i1
303 427 486
i2
486 303 427
i0
427 486 302
i1
302 427 486
i2
486 302 427
i0
427 486 302
i1
302 427 486
i2
486 302 427
i0
427 486 302
i1
302 427 486
i2
486 302 427
i0
428 485 302
i1
302 428 485
i2
485 302 428
i0
428 485 302
i1
302 428 485
i2
485 302 428
i0
428 485 302
i1
302 428 485
i2
485 302 428
i0
428 485 302
i1
302 428 485
i2
485 302 428
i0
429 485 301
i1
301 429 485
i2
485 301 429
i0
429 485 301
i1
301 429 485
i2
485 301 429
i0
429 485 301
i1
301 429 485
i2
485 301 429
i0
429 485 301
i1
301 429 485
i2
485 301 429
i0
430 484 301
i1
301 430 484
i2
484 301 430
i0
430 484 301
i1
301 430 484
i2
484 301 430
i0
430 484 301
i1
301 430 484
i2
484 301 430
i0
430 484 301
i1
301 430 484
i2
484 301 430
i0
431 484 300
i1
300 431 484
i2
484 300 431
i0
431 484 300
i1
300 431 484
i2
484 300 431
i0
431 484 300
i1
300 431 484
i2
484 300 431
i0
431 484 300
i1
300 431 484
i2
484 300 431
i0
432 483 300
i1
300 432 483
i2
483 300 432
i0
432 483 300
i1
300 432 483
i2
483 300 432
i0
432 483 300
i1
300 432 483
i2
483 300 432
i0
432 483 300
i1
300 432 483
i2
483 300 432
i0
433 483 299
i1
299 433 483
i2
483 299 433
i0
433 483 299
i1
299 433 483
i2
483 299 433
i0
433 483 299
i1
299 433 483
i2
483 299 433
i0
433 482 299
i1
299 433 482
i2
482 299 433
i0
434 482 299
i1
299 434 482
i2
482 299 434
i0
434 482 299
i1
299 434 482
i2
482 299 434
i0
434 482 299
i1
299 434 482
i2
482 299 434
i0
435 482 299
i1
299 435 482
i2
482 299 435
i0
435 482 299
i1
299 435 482
i2
482 299 435
i0
435 482 298
i1
298 435 482
i2
482 298 435
i0
435 481 298
i1
298 435 481
i2
481 298 435
i0
436 481 298
i1
298 436 481
i2
481 298 436
i0
436 481 298
i1
298 436 481
i2
481 298 436
i0
436 481 298
i1
298 436 481
i2
481 298 436
i0
436 481 298
i1
298 436 481
i2
481 298 436
i0
437 481 298
i1
298 437 481
i2
481 298 437
i0
437 481 298
i1
298 437 481
i2
481 298 437
i0
437 480 297
i1
297 437 480
i2
480 297 437
i0
437 480 297
i1
297 437 480
i2
480 297 437
i0
438 480 297
i1
297 438 480
i2
480 297 438
i0
438 480 297
i1
297 438 480
i2
480 297 438
i0
438 480 297
i1
297 438 480
i2
480 297 438
i0
438 480 297
i1
297 438 480
i2
480 297 438
i0
439 479 297
i1
297 439 479
i2
479 297 439
i0
439 479 297
i1
297 439 479
i2
479 297 439
i0
439 479 297
i1
297 439 479
i2
479 297 439
i0
439 479 296
i1
296 439 479
i2
479 296 439
i0
440 479 296
i1
296 440 479
i2
479 296 440
i0
440 479 296
i1
296 440 479
i2
479 296 440
i0
440 479 296
i1
296 440 479
i2
479 296 440
i0
441 478 296
i1
296 441 478
i2
478 296 441
i0
441 478 296
i1
296 441 478
i2
478 296 441
i0
441 478 296
i1
296 441 478
i2
478 296 441
i0
441 478 296
i1
296 441 478
i2
478 296 441
i0
442 478 296
i1
296 442 478
i2
478 296 442
i0
442 478 296
i1
296 442 478
i2
478 296 442
i0
442 477 295
i1
295 442 477
i2
477 295 442
i0
442 477 295
i1
295 442 477
i2
477 295 442
i0
443 477 295
i1
295 443 477
i2
477 295 443
i0
443 477 295
i1
295 443 477
i2
477 295 443
i0
443 477 295
i1
295 443 477
i2
477 295 443
i0
443 477 295
i1
295 443 477
i2
477 295 443
i0
444 476 295
i1
295 444 476
i2
476 295 444
i0
444 476 295
i1
295 444 476
i2
476 295 444
i0
444 476 295
i1
295 444 476
i2
476 295 444
i0
444 476 295
i1
295 444 476
i2
476 295 444
i0
445 476 294
i1
294 445 476
i2
476 294 445
i0
445 476 294
i1
294 445 476
i2
476 294 445
i0
445 475 294
i1
294 445 475
i2
475 294 445
i0
446 475 294
i1
294 446 475
i2
475 294 446
i0
446 475 294
i1
294 446 475
i2
475 294 446
i0
446 475 294
i1
294 446 475
i2
475 294 446
i0
446 475 294
i1
294 446 475
i2
475 294 446
i0
447 475 294
i1
294 447 475
i2
475 294 447
i0
447 474 294
i1
294 447 474
i2
474 294 447
i0
447 474 294
i1
294 447 474
i2
474 294 447
i0
447 474 294
i1
294 447 474
i2
474 294 447
i0
448 474 293
i1
293 448 474
i2
474 293 448
i0
448 474 293
i1
293 448 474
i2
474 293 448
i0
448 474 293
i1
293 448 474
i2
474 293 448
i0
448 473 293
i1
293 448 473
i2
473 293 448
i0
449 473 293
i1
293 449 473
i2
473 293 449
i0
449 473 293
i1
293 449 473
i2
473 293 449
i0
449 473 293
i1
293 449 473
i2
473 293 449
i0
450 473 293
i1
293 450 473
i2
473 293 450
i0
450 472 293
i1
293 450 472
i2
472 293 450
i0
450 472 293
i1
293 450 472
i2
472 293 450
i0
450 472 293
i1
293 450 472
i2
472 293 450
i0
451 472 292
i1
292 451 472
i2
472 292 451
i0
451 472 292
i1
292 451 472
i2
472 292 451
i0
451 472 292
i1
292 451 472
i2
472 292 451
i0
451 471 292
i1
292 451 471
i2
471 292 451
i0
452 471 292
i1
292 452 471
i2
471 292 452
i0
452 471 292
i1
292 452 471
i2
471 292 452
i0
452 471 292
i1
292 452 471
i2
471 292 452
i0
453 471 292
i1
292 453 471
i2
471 292 453
i0
453 470 292
i1
292 453 470
i2
470 292 453
i0
453 470 292
i1
292 453 470
i2
470 292 453
i0
453 470 292
i1
292 453 470
i2
470 292 453
i0
454 470 292
i1
292 454 470
i2
470 292 454
i0
454 470 292
i1
292 454 470
i2
470 292 454
i0
454 469 291
i1
291 454 469
i2
469 291 454
i0
454 469 291
i1
291 454 469
i2
469 291 454
i0
455 469 291
i1
291 455 469
i2
469 291 455
i0
455 469 291
i1
291 455 469
i2
469 291 455
i0
455 469 291
i1
291 455 469
i2
469 291 455
i0
455 468 291
i1
291 455 468
i2
468 291 455
i0
456 468 291
i1
291 456 468
i2
468 291 456
i0
456 468 291
i1
291 456 468
i2
468 291 456
i0
456 468 291
i1
291 456 468
i2
468 291 456
i0
457 468 291
i1
291 457 468
i2
468 291 457
i0
457 468 291
i1
291 457 468
i2
468 291 457
i0
457 467 291
i1
291 457 467
i2
467 291 457
i0
457 467 291
i1
291 457 467
i2
467 291 457
i0
458 467 290
i1
290 458 467
i2
467 290 458
i0
458 467 290
i1
290 458 467
i2
467 290 458
i0
458 467 290
i1
290 458 467
i2
467 290 458
i0
458 466 290
i1
290 458 466
i2
466 290 458
i0
459 466 290
i1
290 459 466
i2
466 290 459
i0
459 466 290
i1
290 459 466
i2
466 290 459
i0
459 466 290
i1
290 459 466
i2
466 290 459
i0
459 465 290
i1
290 459 465
i2
465 290 459
i0
460 465 290
i1
290 460 465
i2
465 290 460
i0
460 465 290
i1
290 460 465
i2
465 290 460
i0
460 465 290
i1
290 460 465
i2
465 290 460
i0
461 465 290
i1
290 461 465
i2
465 290 461
i0
461 464 290
i1
290 461 464
i2
464 290 461
i0
461 464 290
i1
290 461 464
i2
464 290 461
i0
461 464 290
i1
290 461 464
i2
464 290 461
i0
462 464 290
i1
290 462 464
i2
464 290 462
i0
462 464 289
i1
289 462 464
i2
464 289 462
i0
462 463 289
i1
289 462 463
i2
463 289 462
i0
462 463 289
i1
289 462 463
i2
463 289 462
i0
463 463 289
i1
289 463 463
i2
463 289 463
i0
463 463 289
i1
289 463 463
i2
463 289 463
i0
463 463 289
i1
289 463 463
i2
463 289 463
i0
464 462 289
i1
289 464 462
i2
462 289 464
i0
464 462 289
i1
289 464 462
i2
462 289 464
i0
464 462 289
i1
289 464 462
i2
462 289 464
i0
464 462 289
i1
289 464 462
i2
462 289 464
i0
465 461 289
i1
289 465 461
i2
461 289 465
i0
465 461 289
i1
289 465 461
i2
461 289 465
i0
465 461 289
i1
289 465 461
i2
461 289 465
i0
465 461 289
i1
289 465 461
i2
461 289 465
i0
466 461 289
i1
289 466 461
i2
461 289 466
i0
466 460 289
i1
289 466 460
i2
460 289 466
i0
466 460 289
i1
289 466 460
i2
460 289 466
i0
466 460 289
i1
289 466 460
i2
460 289 466
i0
467 460 289
i1
289 467 460
i2
460 289 467
i0
467 460 288
i1
288 467 460
i2
460 288 467
i0
467 459 288
i1
288 467 459
i2
459 288 467
i0
468 459 288
i1
288 468 459
i2
459 288 468
i0
468 459 288
i1
288 468 459
i2
459 288 468
i0
468 459 288
i1
288 468 459
i2
459 288 468
i0
468 458 288
i1
288 468 458
i2
458 288 468
i0
469 458 288
i1
288 469 458
i2
458 288 469
i0
469 458 288
i1
288 469 458
i2
458 288 469
i0
469 458 288
i1
288 469 458
i2
458 288 469
i0
469 457 288
i1
288 469 457
i2
457 288 469
i0
470 457 288
i1
288 470 457
i2
457 288 470
i0
470 457 288
i1
288 470 457
i2
457 288 470
i0
470 457 288
i1
288 470 457
i2
457 288 470
i0
471 457 288
i1
288 471 457
i2
457 288 471
i0
471 456 288
i1
288 471 456
i2
456 288 471
i0
471 456 288
i1
288 471 456
i2
456 288 471
i0
471 456 288
i1
288 471 456
i2
456 288 471
i0
472 456 288
i1
288 472 456
i2
456 288 472
i0
472 455 288
i1
288 472 455
i2
455 288 472
i0
472 455 288
i1
288 472 455
i2
455 288 472
i0
472 455 288
i1
288 472 455
i2
455 288 472
i0
473 455 288
i1
288 473 455
i2
455 288 473
i0
473 454 288
i1
288 473 454
i2
454 288 473
i0
473 454 288
i1
288 473 454
i2
454 288 473
i0
473 454 288
i1
288 473 454
i2
454 288 473
i0
474 454 287
i1
287 474 454
i2
454 287 474
i0
474 454 287
i1
287 474 454
i2
454 287 474
i0
474 453 287
i1
287 474 453
i2
453 287 474
i0
475 453 287
i1
287 475 453
i2
453 287 475
i0
475 453 287
i1
287 475 453
i2
453 287 475
i0
475 453 287
i1
287 475 453
i2
453 287 475
i0
475 452 287
i1
287 475 452
i2
452 287 475
i0
476 452 287
i1
287 476 452
i2
452 287 476
i0
476 452 287
i1
287 476 452
i2
452 287 476
i0
476 452 287
i1
287 476 452
i2
452 287 476
i0
476 451 287
i1
287 476 451
i2
451 287 476
i0
477 451 287
i1
287 477 451
i2
451 287 477
i0
477 451 287
i1
287 477 451
i2
451 287 477
i0
477 451 287
i1
287 477 451
i2
451 287 477
i0
477 450 287
i1
287 477 450
i2
450 287 477
i0
478 450 287
i1
287 478 450
i2
450 287 478
i0
478 450 287
i1
287 478 450
i2
450 287 478
i0
478 450 287
i1
287 478 450
i2
450 287 478
i0
479 449 287
i1
287 479 449
i2
449 287 479
i0
479 449 287
i1
287 479 449
i2
449 287 479
i0
479 449 287
i1
287 479 449
i2
449 287 479
i0
479 449 287
i1
287 479 449
i2
449 287 479
i0
480 448 287
i1
287 480 448
i2
448 287 480
i0
480 448 287
i1
287 480 448
i2
448 287 480
i0
480 448 287
i1
287 480 448
i2
448 287 480
i0
480 448 287
i1
287 480 448
i2
448 287 480
i0
481 447 287
i1
287 481 447
i2
447 287 481
i0
481 447 287
i1
287 481 447
i2
447 287 481
i0
481 447 287
i1
287 481 447
i2
447 287 481
i0
481 447 287
i1
287 481 447
i2
447 287 481
i0
482 446 287
i1
287 482 446
i2
446 287 482
i0
482 446 287
i1
287 482 446
i2
446 287 482
i0
482 446 287
i1
287 482 446
i2
446 287 482
i0
483 446 287
i1
287 483 446
i2
446 287 483
i0
483 445 287
i1
287 483 445
i2
445 287 483
i0
483 445 287
i1
287 483 445
i2
445 287 483
i0
483 445 287
i1
287 483 445
i2
445 287 483
i0
484 445 287
i1
287 484 445
i2
445 287 484
i0
484 444 287
i1
287 484 444
i2
444 287 484
i0
484 444 287
i1
287 484 444
i2
444 287 484
i0
484 444 287
i1
287 484 444
i2
444 287 484
i0
485 444 287
i1
287 485 444
i2
444 287 485
i0
485 443 287
i1
287 485 443
i2
443 287 485
i0
485 443 287
i1
287 485 443
i2
443 287 485
i0
485 443 287
i1
287 485 443
i2
443 287 485
i0
486 443 287
i1
287 486 443
i2
443 287 486
i0
486 442 287
i1
287 486 442
i2
442 287 486
i0
486 442 287
i1
287 486 442
i2
442 287 486
i0
486 442 287
i1
287 486 442
i2
442 287 486
i0
487 442 287
i1
287 487 442
i2
442 287 487
i0
487 441 287
i1
287 487 441
i2
441 287 487
i0
487 441 287
i1
287 487 441
i2
441 287 487
i0
488 441 287
i1
287 488 441
i2
441 287 488
i0
488 441 287
i1
287 488 441
i2
441 287 488
i0
488 440 287
i1
287 488 440
i2
440 287 488
i0
488 440 287
i1
287 488 440
i2
440 287 488
i0
489 440 287
i1
287 489 440
i2
440 287 489
i0
489 439 287
i1
287 489 439
i2
439 287 489
i0
489 439 287
i1
287 489 439
i2
439 287 489
i0
489 439 287
i1
287 489 439
i2
439 287 489
i0
490 439 287
i1
287 490 439
i2
439 287 490
i0
490 438 287
i1
287 490 438
i2
438 287 490
i0
490 438 287
i1
287 490 438
i2
438 287 490
i0
490 438 287
i1
287 490 438
i2
438 287 490
i0
491 438 287
i1
287 491 438
i2
438 287 491
i0
491 437 287
i1
287 491 437
i2
437 287 491
i0
491 437 287
i1
287 491 437
i2
437 287 491
i0
491 437 287
i1
287 491 437
i2
437 287 491
i0
492 437 287
i1
287 492 437
i2
437 287 492
i0
492 436 287
i1
287 492 436
i2
436 287 492
i0
492 436 287
i1
287 492 436
i2
436 287 492
i0
493 436 287
i1
287 493 436
i2
436 287 493
i0
493 435 287
i1
287 493 435
i2
435 287 493
i0
493 435 287
i1
287 493 435
i2
435 287 493
i0
493 435 287
i1
287 493 435
i2
435 287 493
i0
494 435 287
i1
287 494 435
i2
435 287 494
i0
494 434 287
i1
287 494 434
i2
434 287 494
i0
494 434 287
i1
287 494 434
i2
434 287 494
i0
494 434 287
i1
287 494 434
i2
434 287 494
i0
495 433 287
i1
287 495 433
i2
433 287 495
i0
495 433 287
i1
287 495 433
i2
433 287 495
i0
495 433 287
i1
287 495 433
i2
433 287 495
i0
495 433 287
i1
287 495 433
i2
433 287 495
i0
496 432 287
i1
287 496 432
i2
432 287 496
i0
496 432 287
i1
287 496 432
i2
432 287 496
i0
496 432 287
i1
287 496 432
i2
432 287 496
i0
496 432 287
i1
287 496 432
i2
432 287 496
i0
497 431 287
i1
287 497 431
i2
431 287 497
i0
497 431 287
i1
287 497 431
i2
431 287 497
i0
497 431 287
i1
287 497 431
i2
431 287 497
i0
497 430 287
i1
287 497 430
i2
430 287 497
i0
498 430 287
i1
287 498 430
i2
430 287 498
i0
498 430 287
i1
287 498 430
i2
430 287 498
i0
498 430 287
i1
287 498 430
i2
430 287 498
i0
498 429 287
i1
287 498 429
i2
429 287 498
i0
499 429 287
i1
287 499 429
i2
429 287 499
i0
499 429 287
i1
287 499 429
i2
429 287 499
i0
499 428 287
i1
287 499 428
i2
428 287 499
i0
499 428 287
i1
287 499 428
i2
428 287 499
i0
500 428 287
i1
287 500 428
i2
428 287 500
i0
500 428 287
i1
287 500 428
i2
428 287 500
i0
500 427 287
i1
287 500 427
i2
427 287 500
i0
500 427 288
i1
288 500 427
i2
427 288 500
i0
501 427 288
i1
288 501 427
i2
427 288 501
i0
501 426 288
i1
288 501 426
i2
426 288 501
i0
501 426 288
i1
288 501 426
i2
426 288 501
i0
501 426 288
i1
288 501 426
i2
426 288 501
i0
502 426 288
i1
288 502 426
i2
426 288 502
i0
502 425 288
i1
288 502 425
i2
425 288 502
i0
502 425 288
i1
288 502 425
i2
425 288 502
i0
502 425 288
i1
288 502 425
i2
425 288 502
i0
503 424 288
i1
288 503 424
i2
424 288 503
i0
503 424 288
i1
288 503 424
i2
424 288 503
i0
503 424 288
i1
288 503 424
i2
424 288 503
i0
503 424 288
i1
288 503 424
i2
424 288 503
i0
504 423 288
i1
288 504 423
i2
423 288 504
i0
504 423 288
i1
288 504 423
i2
423 288 504
i0
504 423 288
i1
288 504 423
i2
423 288 504
i0
504 422 288
i1
288 504 422
i2
422 288 504
i0
505 422 288
i1
288 505 422
i2
422 288 505
i0
505 422 288
i1
288 505 422
i2
422 288 505
i0
505 422 288
i1
288 505 422
i2
422 288 505
i0
505 421 288
i1
288 505 421
i2
421 288 505
i0
506 421 288
i1
288 506 421
i2
421 288 506
i0
506 421 288
i1
288 506 421
i2
421 288 506
i0
506 420 288
i1
288 506 420
i2
420 288 506
i0
506 420 288
i1
288 506 420
i2
420 288 506
i0
507 420 289
i1
289 507 420
i2
420 289 507
i0
507 419 289
i1
289 507 419
i2
419 289 507
i0
507 419 289
i1
289 507 419
i2
419 289 507
i0
507 419 289
i1
289 507 419
i2
419 289 507
i0
508 419 289
i1
289 508 419
i2
419 289 508
i0
508 418 289
i1
289 508 418
i2
418 289 508
i0
508 418 289
i1
289 508 418
i2
418 289 508
i0
508 418 289
i1
289 508 418
i2
418 289 508
i0
509 417 289
i1
289 509 417
i2
417 289 509
i0
509 417 289
i1
289 509 417
i2
417 289 509
i0
509 417 289
i1
289 509 417
i2
417 289 509
i0
509 416 289
i1
289 509 416
i2
416 289 509
i0
510 416 289
i1
289 510 416
i2
416 289 510
i0
510 416 289
i1
289 510 416
i2
416 289 510
i0
510 416 289
i1
289 510 416
i2
416 289 510
i0
510 415 289
i1
289 510 415
i2
415 289 510
i0
511 415 289
i1
289 511 415
i2
415 289 511
i0
511 415 289
i1
289 511 415
i2
415 289 511
i0
511 414 290
i1
290 511 414
i2
414 290 511
i0
511 414 290
i1
290 511 414
i2
414 290 511
i0
512 414 290
i1
290 512 414
i2
414 290 512
i0
512 413 290
i1
290 512 413
i2
413 290 512
i0
512 413 290
i1
290 512 413
i2
413 290 512
i0
512 413 290
i1
290 512 413
i2
413 290 512
i0
513 413 290
i1
290 513 413
i2
413 290 513
i0
513 412 290
i1
290 513 412
i2
412 290 513
i0
513 412 290
i1
290 513 412
i2
412 290 513
i0
513 412 290
i1
290 513 412
i2
412 290 513
i0
514 411 290
i1
290 514 411
i2
411 290 514
i0
514 411 290
i1
290 514 411
i2
411 290 514
i0
514 411 290
i1
290 514 411
i2
411 290 514
i0
514 410 290
i1
290 514 410
i2
410 290 514
i0
514 410 290
i1
290 514 410
i2
410 290 514
i0
515 410 291
i1
291 515 410
i2
410 291 515
i0
515 409 291
i1
291 515 409
i2
409 291 515
i0
515 409 291
i1
291 515 409
i2
409 291 515
i0
515 409 291
i1
291 515 409
i2
409 291 515
i0
516 409 291
i1
291 516 409
i2
409 291 516
i0
516 408 291
i1
291 516 408
i2
408 291 516
