i0
404 400 401
i1
401 404 400
i2
400 401 404
i0
402 400 402
i1
402 402 400
i2
400 402 402
i0
398 403 404
i1
404 398 403
i2
403 404 398
i0
395 406 404
i1
404 395 406
i2
406 404 395
i0
393 409 403
i1
403 393 409
i2
409 403 393
i0
392 411 402
i1
402 392 411
i2
411 402 392
i0
390 414 401
i1
401 390 414
i2
414 401 390
i0
389 416 399
i1
399 389 416
i2
416 399 389
i0
389 418 398
i1
398 389 418
i2
418 398 389
i0
388 420 396
i1
396 388 420
i2
420 396 388
i0
388 422 395
i1
395 388 422
i2
422 395 388
i0
388 424 393
i1
393 388 424
i2
424 393 388
i0
388 425 391
i1
391 388 425
i2
425 391 388
i0
389 427 390
i1
390 389 427
i2
427 390 389
i0
389 428 388
i1
388 389 428
i2
428 388 389
i0
390 429 386
i1
386 390 429
i2
429 386 390
i0
391 430 385
i1
385 391 430
i2
430 385 391
i0
392 430 383
i1
383 392 430
i2
430 383 392
i0
393 431 381
i1
381 393 431
i2
431 381 393
i0
394 431 380
i1
380 394 431
i2
431 380 394
i0
395 432 378
i1
378 395 432
i2
432 378 395
i0
397 432 377
i1
377 397 432
i2
432 377 397
i0
398 432 375
i1
375 398 432
i2
432 375 398
i0
400 432 374
i1
374 400 432
i2
432 374 400
i0
401 431 372
i1
372 401 431
i2
431 372 401
i0
403 431 371
i1
371 403 431
i2
431 371 403
i0
405 430 370
i1
370 405 430
i2
430 370 405
i0
406 430 369
i1
369 406 430
i2
430 369 406
i0
408 429 368
i1
368 408 429
i2
429 368 408
i0
410 428 367
i1
367 410 428
i2
428 367 410
i0
412 427 366
i1
366 412 427
i2
427 366 412
i0
414 426 365
i1
365 414 426
i2
426 365 414
i0
416 424 364
i1
364 416 424
i2
424 364 416
i0
418 423 364
i1
364 418 423
i2
423 364 418
i0
420 422 363
i1
363 420 422
i2
422 363 420
i0
422 420 363
i1
363 422 420
i2
420 363 422
i0
424 418 363
i1
363 424 418
i2
418 363 424
i0
426 416 362
i1
362 426 416
i2
416 362 426
i0
428 415 362
i1
362 428 415
i2
415 362 428
i0
430 413 362
i1
362 430 413
i2
413 362 430
i0
432 411 362
i1
362 432 411
i2
411 362 432
i0
434 408 363
i1
363 434 408
i2
408 363 434
i0
436 406 363
i1
363 436 406
i2
406 363 436
i0
438 404 363
i1
363 438 404
i2
404 363 438
i0
439 402 364
i1
364 439 402
i2
402 364 439
i0
441 399 365
i1
365 441 399
i2
399 365 441
i0
443 397 365
i1
365 443 397
i2
397 365 443
i0
444 394 366
i1
366 444 394
i2
394 366 444
i0
446 392 367
i1
367 446 392
i2
392 367 446
i0
447 389 368
i1
368 447 389
i2
389 368 447
i0
449 387 369
i1
369 449 387
i2
387 369 449
i0
450 384 370
i1
370 450 384
i2
384 370 450
i0
451 382 372
i1
372 451 382
i2
382 372 451
i0
453 379 373
i1
373 453 379
i2
379 373 453
i0
454 377 375
i1
375 454 377
i2
377 375 454
i0
455 374 376
i1
376 455 374
i2
374 376 455
i0
456 371 378
i1
378 456 371
i2
371 378 456
i0
457 369 379
i1
379 457 369
i2
369 379 457
i0
458 366 381
i1
381 458 366
i2
366 381 458
i0
458 364 383
i1
383 458 364
i2
364 383 458
i0
459 361 385
i1
385 459 361
i2
361 385 459
i0
460 359 387
i1
387 460 359
i2
359 387 460
i0
460 356 389
i1
389 460 356
i2
356 389 460
i0
461 354 391
i1
391 461 354
i2
354 391 461
i0
461 351 393
i1
393 461 351
i2
351 393 461
i0
461 349 395
i1
395 461 349
i2
349 395 461
i0
461 346 397
i1
397 461 346
i2
346 397 461
i0
462 344 399
i1
399 462 344
i2
344 399 462
i0
462 342 402
i1
402 462 342
i2
342 402 462
i0
462 339 404
i1
404 462 339
i2
339 404 462
i0
462 337 406
i1
406 462 337
i2
337 406 462
i0
462 335 409
i1
409 462 335
i2
335 409 462
i0
462 332 411
i1
411 462 332
i2
332 411 462
i0
461 330 413
i1
413 461 330
i2
330 413 461
i0
461 328 416
i1
416 461 328
i2
328 416 461
i0
461 326 418
i1
418 461 326
i2
326 418 461
i0
460 324 421
i1
421 460 324
i2
324 421 460
i0
460 322 423
i1
423 460 322
i2
322 423 460
i0
460 320 426
i1
426 460 320
i2
320 426 460
i0
459 318 428
i1
428 459 318
i2
318 428 459
i0
458 316 430
i1
430 458 316
i2
316 430 458
i0
458 314 433
i1
433 458 314
i2
314 433 458
i0
457 312 435
i1
435 457 312
i2
312 435 457
i0
456 311 438
i1
438 456 311
i2
311 438 456
i0
456 309 441
i1
441 456 309
i2
309 441 456
i0
455 307 443
i1
443 455 307
i2
307 443 455
i0
454 306 446
i1
446 454 306
i2
306 446 454
i0
453 304 448
i1
448 453 304
i2
304 448 453
i0
452 302 451
i1
451 452 302
i2
302 451 452
i0
451 301 453
i1
453 451 301
i2
301 453 451
i0
450 299 456
i1
456 450 299
i2
299 456 450
i0
449 298 458
i1
458 449 298
i2
298 458 449
i0
448 296 461
i1
461 448 296
i2
296 461 448
i0
447 295 463
i1
463 447 295
i2
295 463 447
i0
446 294 466
i1
466 446 294
i2
294 466 446
i0
444 292 468
i1
468 444 292
i2
292 468 444
i0
443 291 471
i1
471 443 291
i2
291 471 443
i0
442 290 473
i1
473 442 290
i2
290 473 442
i0
441 289 476
i1
476 441 289
i2
289 476 441
i0
439 287 478
i1
478 439 287
i2
287 478 439
i0
438 286 481
i1
481 438 286
i2
286 481 438
i0
437 285 483
i1
483 437 285
i2
285 483 437
i0
435 284 486
i1
486 435 284
i2
284 486 435
i0
434 283 488
i1
488 434 283
i2
283 488 434
i0
432 282 491
i1
491 432 282
i2
282 491 432
i0
431 281 493
i1
493 431 281
i2
281 493 431
i0
429 280 496
i1
496 429 280
i2
280 496 429
i0
428 279 498
i1
498 428 279
i2
279 498 428
i0
426 278 500
i1
500 426 278
i2
278 500 426
i0
425 278 503
i1
503 425 278
i2
278 503 425
i0
423 277 505
i1
505 423 277
i2
277 505 423
i0
421 276 508
i1
508 421 276
i2
276 508 421
i0
420 275 510
i1
510 420 275
i2
275 510 420
i0
418 275 512
i1
512 418 275
i2
275 512 418
i0
416 274 515
i1
515 416 274
i2
274 515 416
i0
415 273 517
i1
517 415 273
i2
273 517 415
i0
413 273 519
i1
519 413 273
i2
273 519 413
i0
411 272 522
i1
522 411 272
i2
272 522 411
i0
409 272 524
i1
524 409 272
i2
272 524 409
i0
408 271 526
i1
526 408 271
i2
271 526 408
i0
406 271 528
i1
528 406 271
i2
271 528 406
i0
404 270 531
i1
531 404 270
i2
270 531 404
i0
402 270 533
i1
533 402 270
i2
270 533 402
i0
400 270 535
i1
535 400 270
i2
270 535 400
i0
398 269 537
i1
537 398 269
i2
269 537 398
i0
397 269 539
i1
539 397 269
i2
269 539 397
i0
395 269 542
i1
542 395 269
i2
269 542 395
i0
393 269 544
i1
544 393 269
i2
269 544 393
i0
391 268 546
i1
546 391 268
i2
268 546 391
i0
389 268 548
i1
548 389 268
i2
268 548 389
i0
387 268 550
i1
550 387 268
i2
268 550 387
i0
385 268 552
i1
552 385 268
i2
268 552 385
i0
383 268 554
i1
554 383 268
i2
268 554 383
i0
381 268 556
i1
556 381 268
i2
268 556 381
i0
379 268 558
i1
558 379 268
i2
268 558 379
i0
377 268 560
i1
560 377 268
i2
268 560 377
i0
375 268 562
i1
562 375 268
i2
268 562 375
i0
373 268 564
i1
564 373 268
i2
268 564 373
i0
371 268 566
i1
566 371 268
i2
268 566 371
i0
369 268 568
i1
568 369 268
i2
268 568 369
i0
367 268 570
i1
570 367 268
i2
268 570 367
i0
365 268 572
i1
572 365 268
i2
268 572 365
i0
363 268 574
i1
574 363 268
i2
268 574 363
i0
361 268 576
i1
576 361 268
i2
268 576 361
i0
359 268 578
i1
578 359 268
i2
268 578 359
i0
357 269 580
i1
580 357 269
i2
269 580 357
i0
355 269 581
i1
581 355 269
i2
269 581 355
i0
353 269 583
i1
583 353 269
i2
269 583 353
i0
351 269 585
i1
585 351 269
i2
269 585 351
i0
348 270 587
i1
587 348 270
i2
270 587 348
i0
346 270 589
i1
589 346 270
i2
270 589 346
i0
344 270 590
i1
590 344 270
i2
270 590 344
i0
342 271 592
i1
592 342 271
i2
271 592 342
i0
340 271 594
i1
594 340 271
i2
271 594 340
i0
338 272 596
i1
596 338 272
i2
272 596 338
i0
336 272 597
i1
597 336 272
i2
272 597 336
i0
334 273 599
i1
599 334 273
i2
273 599 334
i0
331 273 600
i1
600 331 273
i2
273 600 331
i0
329 274 602
i1
602 329 274
i2
274 602 329
i0
327 274 604
i1
604 327 274
i2
274 604 327
i0
325 275 605
i1
605 325 275
i2
275 605 325
i0
323 275 607
i1
607 323 275
i2
275 607 323
i0
321 276 608
i1
608 321 276
i2
276 608 321
i0
319 276 610
i1
610 319 276
i2
276 610 319
i0
316 277 612
i1
612 316 277
i2
277 612 316
i0
314 278 613
i1
613 314 278
i2
278 613 314
i0
312 278 615
i1
615 312 278
i2
278 615 312
i0
310 279 616
i1
616 310 279
i2
279 616 310
i0
308 280 617
i1
617 308 280
i2
280 617 308
i0
306 281 619
i1
619 306 281
i2
281 619 306
i0
303 281 620
i1
620 303 281
i2
281 620 303
i0
301 282 622
i1
622 301 282
i2
282 622 301
i0
299 283 623
i1
623 299 283
i2
283 623 299
i0
297 284 624
i1
624 297 284
i2
284 624 297
i0
295 284 626
i1
626 295 284
i2
284 626 295
i0
293 285 627
i1
627 293 285
i2
285 627 293
i0
290 286 628
i1
628 290 286
i2
286 628 290
i0
288 287 630
i1
630 288 287
i2
287 630 288
i0
286 288 631
i1
631 286 288
i2
288 631 286
i0
284 289 632
i1
632 284 289
i2
289 632 284
i0
282 290 634
i1
634 282 290
i2
290 634 282
i0
279 291 635
i1
635 279 291
i2
291 635 279
i0
277 292 636
i1
636 277 292
i2
292 636 277
i0
275 293 637
i1
637 275 293
i2
293 637 275
i0
273 294 638
i1
638 273 294
i2
294 638 273
i0
271 295 640
i1
640 271 295
i2
295 640 271
i0
269 296 641
i1
641 269 296
i2
296 641 269
i0
266 297 642
i1
642 266 297
i2
297 642 266
i0
264 298 643
i1
643 264 298
i2
298 643 264
i0
262 299 644
i1
644 262 299
i2
299 644 262
i0
260 300 645
i1
645 260 300
i2
300 645 260
i0
258 301 646
i1
646 258 301
i2
301 646 258
i0
256 302 647
i1
647 256 302
i2
302 647 256
i0
253 303 648
i1
648 253 303
i2
303 648 253
i0
251 304 649
i1
649 251 304
i2
304 649 251
i0
249 306 650
i1
650 249 306
i2
306 650 249
i0
247 307 651
i1
651 247 307
i2
307 651 247
i0
245 308 652
i1
652 245 308
i2
308 652 245
i0
243 309 653
i1
653 243 309
i2
309 653 243
i0
241 310 654
i1
654 241 310
i2
310 654 241
i0
238 312 655
i1
655 238 312
i2
312 655 238
i0
236 313 656
i1
656 236 313
i2
313 656 236
i0
234 314 657
i1
657 234 314
i2
314 657 234
i0
232 315 658
i1
658 232 315
i2
315 658 232
i0
230 317 658
i1
658 230 317
i2
317 658 230
i0
228 318 659
i1
659 228 318
i2
318 659 228
i0
226 319 660
i1
660 226 319
i2
319 660 226
i0
224 321 661
i1
661 224 321
i2
321 661 224
i0
221 322 662
i1
662 221 322
i2
322 662 221
i0
219 323 662
i1
662 219 323
i2
323 662 219
i0
217 325 663
i1
663 217 325
i2
325 663 217
i0
215 326 664
i1
664 215 326
i2
326 664 215
i0
213 327 665
i1
665 213 327
i2
327 665 213
i0
211 329 665
i1
665 211 329
i2
329 665 211
i0
209 330 666
i1
666 209 330
i2
330 666 209
i0
207 332 667
i1
667 207 332
i2
332 667 207
i0
205 333 667
i1
667 205 333
i2
333 667 205
i0
203 335 668
i1
668 203 335
i2
335 668 203
i0
200 336 669
i1
669 200 336
i2
336 669 200
i0
198 337 669
i1
669 198 337
i2
337 669 198
i0
196 339 670
i1
670 196 339
i2
339 670 196
i0
194 340 670
i1
670 194 340
i2
340 670 194
i0
192 342 671
i1
671 192 342
i2
342 671 192
i0
190 343 671
i1
671 190 343
i2
343 671 190
i0
188 345 672
i1
672 188 345
i2
345 672 188
i0
186 346 672
i1
672 186 346
i2
346 672 186
i0
184 348 673
i1
673 184 348
i2
348 673 184
i0
182 350 673
i1
673 182 350
i2
350 673 182
i0
180 351 674
i1
674 180 351
i2
351 674 180
i0
178 353 674
i1
674 178 353
i2
353 674 178
i0
176 354 675
i1
675 176 354
i2
354 675 176
i0
174 356 675
i1
675 174 356
i2
356 675 174
i0
172 357 676
i1
676 172 357
i2
357 676 172
i0
170 359 676
i1
676 170 359
i2
359 676 170
i0
168 361 676
i1
676 168 361
i2
361 676 168
i0
166 362 677
i1
677 166 362
i2
362 677 166
i0
164 364 677
i1
677 164 364
i2
364 677 164
i0
162 366 677
i1
677 162 366
i2
366 677 162
i0
160 367 678
i1
678 160 367
i2
367 678 160
i0
158 369 678
i1
678 158 369
i2
369 678 158
i0
156 371 678
i1
678 156 371
i2
371 678 156
i0
154 372 679
i1
679 154 372
i2
372 679 154
i0
152 374 679
i1
679 152 374
i2
374 679 152
i0
150 376 679
i1
679 150 376
i2
376 679 150
i0
148 377 679
i1
679 148 377
i2
377 679 148
i0
146 379 679
i1
679 146 379
i2
379 679 146
i0
144 381 680
i1
680 144 381
i2
381 680 144
i0
143 383 680
i1
680 143 383
i2
383 680 143
i0
141 384 680
i1
680 141 384
i2
384 680 141
i0
139 386 680
i1
680 139 386
i2
386 680 139
i0
137 388 680
i1
680 137 388
i2
388 680 137
i0
135 390 680
i1
680 135 390
i2
390 680 135
i0
133 391 680
i1
680 133 391
i2
391 680 133
i0
131 393 681
i1
681 131 393
i2
393 681 131
i0
129 395 681
i1
681 129 395
i2
395 681 129
i0
128 397 681
i1
681 128 397
i2
397 681 128
i0
126 399 681
i1
681 126 399
i2
399 681 126
i0
124 400 681
i1
681 124 400
i2
400 681 124
i0
122 402 681
i1
681 122 402
i2
402 681 122
i0
120 404 681
i1
681 120 404
i2
404 681 120
i0
118 406 681
i1
681 118 406
i2
406 681 118
i0
117 408 681
i1
681 117 408
i2
408 681 117
i0
115 410 681
i1
681 115 410
i2
410 681 115
i0
113 411 681
i1
681 113 411
i2
411 681 113
i0
111 413 681
i1
681 111 413
i2
413 681 111
i0
109 415 681
i1
681 109 415
i2
415 681 109
i0
108 417 680
i1
680 108 417
i2
417 680 108
i0
106 419 680
i1
680 106 419
i2
419 680 106
i0
104 421 680
i1
680 104 421
i2
421 680 104
i0
102 423 680
i1
680 102 423
i2
423 680 102
i0
100 425 680
i1
680 100 425
i2
425 680 100
i0
99 426 680
i1
680 99 426
i2
426 680 99
i0
97 428 680
i1
680 97 428
i2
428 680 97
i0
95 430 679
i1
679 95 430
i2
430 679 95
i0
94 432 679
i1
679 94 432
i2
432 679 94
i0
92 434 679
i1
679 92 434
i2
434 679 92
i0
90 436 679
i1
679 90 436
i2
436 679 90
i0
88 438 679
i1
679 88 438
i2
438 679 88
i0
87 440 678
i1
678 87 440
i2
440 678 87
i0
85 442 678
i1
678 85 442
i2
442 678 85
i0
83 444 678
i1
678 83 444
i2
444 678 83
i0
82 446 677
i1
677 82 446
i2
446 677 82
i0
80 448 677
i1
677 80 448
i2
448 677 80
i0
78 450 677
i1
677 78 450
i2
450 677 78
i0
77 452 676
i1
676 77 452
i2
452 676 77
i0
75 454 676
i1
676 75 454
i2
454 676 75
i0
74 456 676
i1
676 74 456
i2
456 676 74
i0
72 458 675
i1
675 72 458
i2
458 675 72
i0
70 460 675
i1
675 70 460
i2
460 675 70
i0
69 462 675
i1
675 69 462
i2
462 675 69
i0
67 464 674
i1
674 67 464
i2
464 674 67
i0
66 466 674
i1
674 66 466
i2
466 674 66
i0
64 468 673
i1
673 64 468
i2
468 673 64
i0
62 470 673
i1
673 62 470
i2
470 673 62
i0
61 472 672
i1
672 61 472
i2
472 672 61
i0
59 474 672
i1
672 59 474
i2
474 672 59
i0
58 476 672
i1
672 58 476
i2
476 672 58
i0
56 478 671
i1
671 56 478
i2
478 671 56
i0
55 480 671
i1
671 55 480
i2
480 671 55
i0
53 482 670
i1
670 53 482
i2
482 670 53
i0
52 484 669
i1
669 52 484
i2
484 669 52
i0
50 486 669
i1
669 50 486
i2
486 669 50
i0
49 488 668
i1
668 49 488
i2
488 668 49
i0
47 490 668
i1
668 47 490
i2
490 668 47
i0
46 492 667
i1
667 46 492
i2
492 667 46
i0
44 494 667
i1
667 44 494
i2
494 667 44
i0
43 496 666
i1
666 43 496
i2
496 666 43
i0
41 498 665
i1
665 41 498
i2
498 665 41
i0
40 500 665
i1
665 40 500
i2
500 665 40
i0
38 502 664
i1
664 38 502
i2
502 664 38
i0
37 505 663
i1
663 37 505
i2
505 663 37
i0
36 507 663
i1
663 36 507
i2
507 663 36
i0
34 509 662
i1
662 34 509
i2
509 662 34
i0
33 511 661
i1
661 33 511
i2
511 661 33
i0
31 513 661
i1
661 31 513
i2
513 661 31
i0
30 515 660
i1
660 30 515
i2
515 660 30
i0
29 517 659
i1
659 29 517
i2
517 659 29
i0
27 519 659
i1
659 27 519
i2
519 659 27
i0
26 521 658
i1
658 26 521
i2
521 658 26
i0
25 523 657
i1
657 25 523
i2
523 657 25
i0
23 525 656
i1
656 23 525
i2
525 656 23
i0
22 528 656
i1
656 22 528
i2
528 656 22
i0
21 530 655
i1
655 21 530
i2
530 655 21
i0
19 532 654
i1
654 19 532
i2
532 654 19
i0
18 534 653
i1
653 18 534
i2
534 653 18
i0
17 536 652
i1
652 17 536
i2
536 652 17
i0
15 538 652
i1
652 15 538
i2
538 652 15
i0
14 540 651
i1
651 14 540
i2
540 651 14
i0
13 542 650
i1
650 13 542
i2
542 650 13
i0
12 544 649
i1
649 12 544
i2
544 649 12
i0
10 547 648
i1
648 10 547
i2
547 648 10
i0
9 549 647
i1
647 9 549
i2
549 647 9
i0
8 551 646
i1
646 8 551
i2
551 646 8
i0
7 553 645
i1
645 7 553
i2
553 645 7
i0
5 555 645
i1
645 5 555
i2
555 645 5
i0
4 557 644
i1
644 4 557
i2
557 644 4
i0
3 559 643
i1
643 3 559
i2
559 643 3
i0
2 561 642
i1
642 2 561
i2
561 642 2
i0
1 564 641
i1
641 1 564
i2
564 641 1
i0
-1 566 640
i1
640 -1 566
i2
566 640 -1
i0
-2 568 639
i1
639 -2 568
i2
568 639 -2
i0
-3 570 638
i1
638 -3 570
i2
570 638 -3
i0
-4 572 637
i1
637 -4 572
i2
572 637 -4
i0
-5 574 636
i1
636 -5 574
i2
574 636 -5
i0
-6 576 635
i1
635 -6 576
i2
576 635 -6
i0
-7 579 634
i1
634 -7 579
i2
579 634 -7
i0
-8 581 633
i1
633 -8 581
i2
581 633 -8
i0
-10 583 632
i1
632 -10 583
i2
583 632 -10
i0
-11 585 631
i1
631 -11 585
i2
585 631 -11
i0
-12 587 630
i1
630 -12 587
i2
587 630 -12
i0
-13 589 628
i1
628 -13 589
i2
589 628 -13
i0
-14 591 627
i1
627 -14 591
i2
591 627 -14
i0
-15 594 626
i1
626 -15 594
i2
594 626 -15
i0
-16 596 625
i1
625 -16 596
i2
596 625 -16
i0
-17 598 624
i1
624 -17 598
i2
598 624 -17
i0
-18 600 623
i1
623 -18 600
i2
600 623 -18
i0
-19 602 622
i1
622 -19 602
i2
602 622 -19
i0
-20 604 621
i1
621 -20 604
i2
604 621 -20
i0
-21 606 620
i1
620 -21 606
i2
606 620 -21
i0
-22 609 618
i1
618 -22 609
i2
609 618 -22
i0
-23 611 617
i1
617 -23 611
i2
611 617 -23
i0
-24 613 616
i1
616 -24 613
i2
613 616 -24
i0
-25 615 615
i1
615 -25 615
i2
615 615 -25
i0
-26 617 614
i1
614 -26 617
i2
617 614 -26
i0
-27 619 612
i1
612 -27 619
i2
619 612 -27
i0
-28 621 611
i1
611 -28 621
i2
621 611 -28
i0
-29 624 610
i1
610 -29 624
i2
624 610 -29
i0
-29 626 609
i1
609 -29 626
i2
626 609 -29
i0
-30 628 607
i1
607 -30 628
i2
628 607 -30
i0
-31 630 606
i1
606 -31 630
i2
630 606 -31
i0
-32 632 605
i1
605 -32 632
i2
632 605 -32
i0
-33 634 604
i1
604 -33 634
i2
634 604 -33
i0
-34 637 602
i1
602 -34 637
i2
637 602 -34
i0
-35 639 601
i1
601 -35 639
i2
639 601 -35
i0
-36 641 600
i1
600 -36 641
i2
641 600 -36
i0
-36 643 598
i1
598 -36 643
i2
643 598 -36
i0
-37 645 597
i1
597 -37 645
i2
645 597 -37
i0
-38 647 596
i1
596 -38 647
i2
647 596 -38
i0
-39 649 595
i1
595 -39 649
i2
649 595 -39
i0
-40 652 593
i1
593 -40 652
i2
652 593 -40
i0
-40 654 592
i1
592 -40 654
i2
654 592 -40
i0
-41 656 590
i1
590 -41 656
i2
656 590 -41
i0
-42 658 589
i1
589 -42 658
i2
658 589 -42
i0
-43 660 588
i1
588 -43 660
i2
660 588 -43
i0
-44 662 586
i1
586 -44 662
i2
662 586 -44
i0
-44 664 585
i1
585 -44 664
i2
664 585 -44
i0
-45 666 584
i1
584 -45 666
i2
666 584 -45
i0
-46 669 582
i1
582 -46 669
i2
669 582 -46
i0
-46 671 581
i1
581 -46 671
i2
671 581 -46
i0
-47 673 579
i1
579 -47 673
i2
673 579 -47
i0
-48 675 578
i1
578 -48 675
i2
675 578 -48
i0
-49 677 576
i1
576 -49 677
i2
677 576 -49
i0
-49 679 575
i1
575 -49 679
i2
679 575 -49
i0
-50 681 574
i1
574 -50 681
i2
681 574 -50
i0
-51 684 572
i1
572 -51 684
i2
684 572 -51
i0
-51 686 571
i1
571 -51 686
i2
686 571 -51
i0
-52 688 569
i1
569 -52 688
i2
688 569 -52
i0
-53 690 568
i1
568 -53 690
i2
690 568 -53
i0
-53 692 566
i1
566 -53 692
i2
692 566 -53
i0
-54 694 565
i1
565 -54 694
i2
694 565 -54
i0
-54 696 563
i1
563 -54 696
i2
696 563 -54
i0
-55 698 562
i1
562 -55 698
i2
698 562 -55
i0
-56 700 560
i1
560 -56 700
i2
700 560 -56
i0
-56 703 559
i1
559 -56 703
i2
703 559 -56
i0
-57 705 557
i1
557 -57 705
i2
705 557 -57
i0
-57 707 555
i1
555 -57 707
i2
707 555 -57
i0
-58 709 554
i1
554 -58 709
i2
709 554 -58
i0
-58 711 552
i1
552 -58 711
i2
711 552 -58
i0
-59 713 551
i1
551 -59 713
i2
713 551 -59
i0
-59 715 549
i1
549 -59 715
i2
715 549 -59
i0
-60 717 548
i1
548 -60 717
i2
717 548 -60
i0
-60 719 546
i1
546 -60 719
i2
719 546 -60
i0
-61 722 544
i1
544 -61 722
i2
722 544 -61
i0
-61 724 543
i1
543 -61 724
i2
724 543 -61
i0
-62 726 541
i1
541 -62 726
i2
726 541 -62
i0
-62 728 540
i1
540 -62 728
i2
728 540 -62
i0
-63 730 538
i1
538 -63 730
i2
730 538 -63
i0
-63 732 536
i1
536 -63 732
i2
732 536 -63
i0
-64 734 535
i1
535 -64 734
i2
734 535 -64
i0
-64 736 533
i1
533 -64 736
i2
736 533 -64
i0
-65 738 531
i1
531 -65 738
i2
738 531 -65
i0
-65 740 530
i1
530 -65 740
i2
740 530 -65
i0
-65 742 528
i1
528 -65 742
i2
742 528 -65
i0
-66 744 526
i1
526 -66 744
i2
744 526 -66
i0
-66 746 525
i1
525 -66 746
i2
746 525 -66
i0
-67 749 523
i1
523 -67 749
i2
749 523 -67
i0
-67 751 521
i1
521 -67 751
i2
751 521 -67
i0
-67 753 520
i1
520 -67 753
i2
753 520 -67
i0
-68 755 518
i1
518 -68 755
i2
755 518 -68
i0
-68 757 516
i1
516 -68 757
i2
757 516 -68
i0
-68 759 514
i1
514 -68 759
i2
759 514 -68
i0
-69 761 513
i1
513 -69 761
i2
761 513 -69
i0
-69 763 511
i1
511 -69 763
i2
763 511 -69
i0
-69 765 509
i1
509 -69 765
i2
765 509 -69
i0
-70 767 508
i1
508 -70 767
i2
767 508 -70
i0
-70 769 506
i1
506 -70 769
i2
769 506 -70
i0
-70 771 504
i1
504 -70 771
i2
771 504 -70
i0
-70 773 502
i1
502 -70 773
i2
773 502 -70
i0
-71 775 500
i1
500 -71 775
i2
775 500 -71
i0
-71 777 499
i1
499 -71 777
i2
777 499 -71
i0
-71 779 497
i1
497 -71 779
i2
779 497 -71
i0
-71 781 495
i1
495 -71 781
i2
781 495 -71
i0
-72 783 493
i1
493 -72 783
i2
783 493 -72
i0
-72 785 492
i1
492 -72 785
i2
785 492 -72
i0
-72 787 490
i1
490 -72 787
i2
787 490 -72
i0
-72 789 488
i1
488 -72 789
i2
789 488 -72
i0
-72 791 486
i1
486 -72 791
i2
791 486 -72
i0
-73 793 484
i1
484 -73 793
i2
793 484 -73
i0
-73 795 482
i1
482 -73 795
i2
795 482 -73
i0
-73 797 481
i1
481 -73 797
i2
797 481 -73
i0
-73 799 479
i1
479 -73 799
i2
799 479 -73
i0
-73 801 477
i1
477 -73 801
i2
801 477 -73
i0
-73 803 475
i1
475 -73 803
i2
803 475 -73
i0
-73 805 473
i1
473 -73 805
i2
805 473 -73
i0
-74 807 471
i1
471 -74 807
i2
807 471 -74
i0
-74 809 469
i1
469 -74 809
i2
809 469 -74
i0
-74 811 468
i1
468 -74 811
i2
811 468 -74
i0
-74 813 466
i1
466 -74 813
i2
813 466 -74
i0
-74 815 464
i1
464 -74 815
i2
815 464 -74
i0
-74 817 462
i1
462 -74 817
i2
817 462 -74
i0
-74 819 460
i1
460 -74 819
i2
819 460 -74
i0
-74 821 458
i1
458 -74 821
i2
821 458 -74
i0
-74 823 456
i1
456 -74 823
i2
823 456 -74
i0
-74 825 454
i1
454 -74 825
i2
825 454 -74
i0
-74 827 452
i1
452 -74 827
i2
827 452 -74
i0
-74 829 451
i1
451 -74 829
i2
829 451 -74
i0
-74 831 449
i1
449 -74 831
i2
831 449 -74
i0
-74 833 447
i1
447 -74 833
i2
833 447 -74
i0
-74 835 445
i1
445 -74 835
i2
835 445 -74
i0
-74 837 443
i1
443 -74 837
i2
837 443 -74
i0
-74 838 441
i1
441 -74 838
i2
838 441 -74
i0
-74 840 439
i1
439 -74 840
i2
840 439 -74
i0
-74 842 437
i1
437 -74 842
i2
842 437 -74
i0
-74 844 435
i1
435 -74 844
i2
844 435 -74
i0
-74 846 433
i1
433 -74 846
i2
846 433 -74
i0
-74 848 431
i1
431 -74 848
i2
848 431 -74
i0
-74 850 429
i1
429 -74 850
i2
850 429 -74
i0
-74 852 427
i1
427 -74 852
i2
852 427 -74
i0
-74 854 425
i1
425 -74 854
i2
854 425 -74
i0
-74 856 423
i1
423 -74 856
i2
856 423 -74
i0
-74 858 421
i1
421 -74 858
i2
858 421 -74
i0
-74 859 419
i1
419 -74 859
i2
859 419 -74
i0
-73 861 417
i1
417 -73 861
i2
861 417 -73
i0
-73 863 415
i1
415 -73 863
i2
863 415 -73
i0
-73 865 413
i1
413 -73 865
i2
865 413 -73
i0
-73 867 411
i1
411 -73 867
i2
867 411 -73
i0
-73 869 409
i1
409 -73 869
i2
869 409 -73
i0
-73 871 407
i1
407 -73 871
i2
871 407 -73
i0
-73 872 405
i1
405 -73 872
i2
872 405 -73
i0
-72 874 403
i1
403 -72 874
i2
874 403 -72
i0
-72 876 401
i1
401 -72 876
i2
876 401 -72
i0
-72 878 399
i1
399 -72 878
i2
878 399 -72
i0
-72 880 397
i1
397 -72 880
i2
880 397 -72
i0
-72 882 395
i1
395 -72 882
i2
882 395 -72
i0
-71 883 393
i1
393 -71 883
i2
883 393 -71
i0
-71 885 391
i1
391 -71 885
i2
885 391 -71
i0
-71 887 389
i1
389 -71 887
i2
887 389 -71
i0
-71 889 387
i1
387 -71 889
i2
889 387 -71
i0
-70 891 385
i1
385 -70 891
i2
891 385 -70
i0
-70 893 383
i1
383 -70 893
i2
893 383 -70
i0
-70 894 380
i1
380 -70 894
i2
894 380 -70
i0
-70 896 378
i1
378 -70 896
i2
896 378 -70
i0
-69 898 376
i1
376 -69 898
i2
898 376 -69
i0
-69 900 374
i1
374 -69 900
i2
900 374 -69
i0
-69 902 372
i1
372 -69 902
i2
902 372 -69
i0
-68 903 370
i1
370 -68 903
i2
903 370 -68
i0
-68 905 368
i1
368 -68 905
i2
905 368 -68
i0
-68 907 366
i1
366 -68 907
i2
907 366 -68
i0
-67 909 364
i1
364 -67 909
i2
909 364 -67
i0
-67 910 362
i1
362 -67 910
i2
910 362 -67
i0
-67 912 360
i1
360 -67 912
i2
912 360 -67
i0
-66 914 357
i1
357 -66 914
i2
914 357 -66
i0
-66 916 355
i1
355 -66 916
i2
916 355 -66
i0
-66 917 353
i1
353 -66 917
i2
917 353 -66
i0
-65 919 351
i1
351 -65 919
i2
919 351 -65
i0
-65 921 349
i1
349 -65 921
i2
921 349 -65
i0
-64 923 347
i1
347 -64 923
i2
923 347 -64
i0
-64 924 345
i1
345 -64 924
i2
924 345 -64
i0
-64 926 343
i1
343 -64 926
i2
926 343 -64
i0
-63 928 340
i1
340 -63 928
i2
928 340 -63
i0
-63 929 338
i1
338 -63 929
i2
929 338 -63
i0
-62 931 336
i1
336 -62 931
i2
931 336 -62
i0
-62 933 334
i1
334 -62 933
i2
933 334 -62
i0
-61 935 332
i1
332 -61 935
i2
935 332 -61
i0
-61 936 330
i1
330 -61 936
i2
936 330 -61
i0
-60 938 327
i1
327 -60 938
i2
938 327 -60
i0
-60 940 325
i1
325 -60 940
i2
940 325 -60
i0
-60 941 323
i1
323 -60 941
i2
941 323 -60
i0
-59 943 321
i1
321 -59 943
i2
943 321 -59
i0
-59 945 319
i1
319 -59 945
i2
945 319 -59
i0
-58 946 317
i1
317 -58 946
i2
946 317 -58
i0
-57 948 314
i1
314 -57 948
i2
948 314 -57
i0
-57 950 312
i1
312 -57 950
i2
950 312 -57
i0
-56 951 310
i1
310 -56 951
i2
951 310 -56
i0
-56 953 308
i1
308 -56 953
i2
953 308 -56
i0
-55 955 306
i1
306 -55 955
i2
955 306 -55
i0
-55 956 304
i1
304 -55 956
i2
956 304 -55
i0
-54 958 301
i1
301 -54 958
i2
958 301 -54
i0
-54 960 299
i1
299 -54 960
i2
960 299 -54
i0
-53 961 297
i1
297 -53 961
i2
961 297 -53
i0
-53 963 295
i1
295 -53 963
i2
963 295 -53
i0
-52 964 293
i1
293 -52 964
i2
964 293 -52
i0
-51 966 290
i1
290 -51 966
i2
966 290 -51
i0
-51 968 288
i1
288 -51 968
i2
968 288 -51
i0
-50 969 286
i1
286 -50 969
i2
969 286 -50
i0
-49 971 284
i1
284 -49 971
i2
971 284 -49
i0
-49 972 281
i1
281 -49 972
i2
972 281 -49
i0
-48 974 279
i1
279 -48 974
i2
974 279 -48
i0
-48 976 277
i1
277 -48 976
i2
976 277 -48
i0
-47 977 275
i1
275 -47 977
i2
977 275 -47
i0
-46 979 273
i1
273 -46 979
i2
979 273 -46
i0
-46 980 270
i1
270 -46 980
i2
980 270 -46
i0
-45 982 268
i1
268 -45 982
i2
982 268 -45
i0
-44 983 266
i1
266 -44 983
i2
983 266 -44
i0
-44 985 264
i1
264 -44 985
i2
985 264 -44
i0
-43 986 261
i1
261 -43 986
i2
986 261 -43
i0
-42 988 259
i1
259 -42 988
i2
988 259 -42
i0
-41 990 257
i1
257 -41 990
i2
990 257 -41
i0
-41 991 255
i1
255 -41 991
i2
991 255 -41
i0
-40 993 252
i1
252 -40 993
i2
993 252 -40
i0
-39 994 250
i1
250 -39 994
i2
994 250 -39
i0
-39 996 248
i1
248 -39 996
i2
996 248 -39
i0
-38 997 246
i1
246 -38 997
i2
997 246 -38
i0
-37 999 243
i1
243 -37 999
i2
999 243 -37
i0
-36 1000 241
i1
241 -36 1000
i2
1000 241 -36
i0
-36 1002 239
i1
239 -36 1002
i2
1002 239 -36
i0
-35 1003 237
i1
237 -35 1003
i2
1003 237 -35
i0
-34 1005 234
i1
234 -34 1005
i2
1005 234 -34
i0
-33 1006 232
i1
232 -33 1006
i2
1006 232 -33
i0
-32 1007 230
i1
230 -32 1007
i2
1007 230 -32
i0
-32 1009 228
i1
228 -32 1009
i2
1009 228 -32
i0
-31 1010 225
i1
225 -31 1010
i2
1010 225 -31
i0
-30 1012 223
i1
223 -30 1012
i2
1012 223 -30
i0
-29 1013 221
i1
221 -29 1013
i2
1013 221 -29
i0
-28 1015 219
i1
219 -28 1015
i2
1015 219 -28
i0
-28 1016 216
i1
216 -28 1016
i2
1016 216 -28
i0
-27 1018 214
i1
214 -27 1018
i2
1018 214 -27
i0
-26 1019 212
i1
212 -26 1019
i2
1019 212 -26
i0
-25 1020 209
i1
209 -25 1020
i2
1020 209 -25
i0
-24 1022 207
i1
207 -24 1022
i2
1022 207 -24
i0
-23 1023 205
i1
205 -23 1023
i2
1023 205 -23
i0
-22 1025 203
i1
203 -22 1025
i2
1025 203 -22
i0
-21 1026 200
i1
200 -21 1026
i2
1026 200 -21
i0
-21 1028 198
i1
198 -21 1028
i2
1028 198 -21
i0
-20 1029 196
i1
196 -20 1029
i2
1029 196 -20
i0
-19 1030 193
i1
193 -19 1030
i2
1030 193 -19
i0
-18 1032 191
i1
191 -18 1032
i2
1032 191 -18
i0
-17 1033 189
i1
189 -17 1033
i2
1033 189 -17
i0
-16 1034 187
i1
187 -16 1034
i2
1034 187 -16
i0
-15 1036 184
i1
184 -15 1036
i2
1036 184 -15
i0
-14 1037 182
i1
182 -14 1037
i2
1037 182 -14
i0
-13 1038 180
i1
180 -13 1038
i2
1038 180 -13
i0
-12 1040 177
i1
177 -12 1040
i2
1040 177 -12
i0
-11 1041 175
i1
175 -11 1041
i2
1041 175 -11
i0
-10 1043 173
i1
173 -10 1043
i2
1043 173 -10
i0
-9 1044 171
i1
171 -9 1044
i2
1044 171 -9
i0
-8 1045 168
i1
168 -8 1045
i2
1045 168 -8
i0
-7 1047 166
i1
166 -7 1047
i2
1047 166 -7
i0
-6 1048 164
i1
164 -6 1048
i2
1048 164 -6
i0
-5 1049 161
i1
161 -5 1049
i2
1049 161 -5
i0
-4 1050 159
i1
159 -4 1050
i2
1050 159 -4
i0
-3 1052 157
i1
157 -3 1052
i2
1052 157 -3
i0
-2 1053 154
i1
154 -2 1053
i2
1053 154 -2
i0
-1 1054 152
i1
152 -1 1054
i2
1054 152 -1
i0
-0 1056 150
i1
150 -0 1056
i2
1056 150 -0
i0
1 1057 147
i1
147 1 1057
i2
1057 147 1
i0
2 1058 145
i1
145 2 1058
i2
1058 145 2
i0
3 1059 143
i1
143 3 1059
i2
1059 143 3
i0
4 1061 141
i1
141 4 1061
i2
1061 141 4
i0
5 1062 138
i1
138 5 1062
i2
1062 138 5
i0
6 1063 136
i1
136 6 1063
i2
1063 136 6
i0
7 1064 134
i1
134 7 1064
i2
1064 134 7
i0
8 1066 131
i1
131 8 1066
i2
1066 131 8
i0
9 1067 129
i1
129 9 1067
i2
1067 129 9
i0
10 1068 127
i1
127 10 1068
i2
1068 127 10
i0
11 1069 124
i1
124 11 1069
i2
1069 124 11
i0
12 1071 122
i1
122 12 1071
i2
1071 122 12
i0
14 1072 120
i1
120 14 1072
i2
1072 120 14
i0
15 1073 117
i1
117 15 1073
i2
1073 117 15
i0
16 1074 115
i1
115 16 1074
i2
1074 115 16
i0
17 1075 113
i1
113 17 1075
i2
1075 113 17
i0
18 1077 110
i1
110 18 1077
i2
1077 110 18
i0
19 1078 108
i1
108 19 1078
i2
1078 108 19
i0
20 1079 106
i1
106 20 1079
i2
1079 106 20
i0
21 1080 103
i1
103 21 1080
i2
1080 103 21
i0
23 1081 101
i1
101 23 1081
i2
1081 101 23
i0
24 1082 99
i1
99 24 1082
i2
1082 99 24
i0
25 1084 96
i1
96 25 1084
i2
1084 96 25
i0
26 1085 94
i1
94 26 1085
i2
1085 94 26
i0
27 1086 92
i1
92 27 1086
i2
1086 92 27
i0
29 1087 89
i1
89 29 1087
i2
1087 89 29
i0
30 1088 87
i1
87 30 1088
i2
1088 87 30
i0
31 1089 85
i1
85 31 1089
i2
1089 85 31
i0
32 1090 82
i1
82 32 1090
i2
1090 82 32
i0
33 1092 80
i1
80 33 1092
i2
1092 80 33
i0
35 1093 78
i1
78 35 1093
i2
1093 78 35
i0
36 1094 75
i1
75 36 1094
i2
1094 75 36
i0
37 1095 73
i1
73 37 1095
i2
1095 73 37
i0
38 1096 71
i1
71 38 1096
i2
1096 71 38
i0
39 1097 68
i1
68 39 1097
i2
1097 68 39
i0
41 1098 66
i1
66 41 1098
i2
1098 66 41
i0
42 1099 64
i1
64 42 1099
i2
1099 64 42
i0
43 1100 62
i1
62 43 1100
i2
1100 62 43
i0
44 1101 59
i1
59 44 1101
i2
1101 59 44
i0
46 1102 57
i1
57 46 1102
i2
1102 57 46
i0
47 1103 55
i1
55 47 1103
i2
1103 55 47
i0
48 1105 52
i1
52 48 1105
i2
1105 52 48
i0
50 1106 50
i1
50 50 1106
i2
1106 50 50
i0
51 1107 48
i1
48 51 1107
i2
1107 48 51
i0
52 1108 45
i1
45 52 1108
i2
1108 45 52
i0
53 1109 43
i1
43 53 1109
i2
1109 43 53
i0
55 1110 41
i1
41 55 1110
i2
1110 41 55
i0
56 1111 38
i1
38 56 1111
i2
1111 38 56
i0
57 1112 36
i1
36 57 1112
i2
1112 36 57
i0
59 1113 34
i1
34 59 1113
i2
1113 34 59
i0
60 1114 31
i1
31 60 1114
i2
1114 31 60
i0
61 1115 29
i1
29 61 1115
i2
1115 29 61
i0
63 1116 27
i1
27 63 1116
i2
1116 27 63
i0
64 1117 24
i1
24 64 1117
i2
1117 24 64
i0
65 1118 22
i1
22 65 1118
i2
1118 22 65
i0
67 1119 20
i1
20 67 1119
i2
1119 20 67
i0
68 1120 17
i1
17 68 1120
i2
1120 17 68
i0
70 1121 15
i1
15 70 1121
i2
1121 15 70
i0
71 1122 13
i1
13 71 1122
i2
1122 13 71
i0
72 1122 10
i1
10 72 1122
i2
1122 10 72
i0
74 1123 8
i1
8 74 1123
i2
1123 8 74
i0
75 1124 6
i1
6 75 1124
i2
1124 6 75
i0
76 1125 3
i1
3 76 1125
i2
1125 3 76
i0
78 1126 1
i1
1 78 1126
i2
1126 1 78
i0
79 1127 -1
i1
-1 79 1127
i2
1127 -1 79
i0
81 1128 -4
i1
-4 81 1128
i2
1128 -4 81
i0
82 1129 -6
i1
-6 82 1129
i2
1129 -6 82
i0
83 1130 -8
i1
-8 83 1130
i2
1130 -8 83
i0
85 1131 -11
i1
-11 85 1131
i2
1131 -11 85
i0
86 1132 -13
i1
-13 86 1132
i2
1132 -13 86
i0
88 1133 -15
i1
-15 88 1133
i2
1133 -15 88
i0
89 1133 -18
i1
-18 89 1133
i2
1133 -18 89
i0
91 1134 -20
i1
-20 91 1134
i2
1134 -20 91
i0
92 1135 -22
i1
-22 92 1135
i2
1135 -22 92
i0
94 1136 -25
i1
-25 94 1136
i2
1136 -25 94
i0
95 1137 -27
i1
-27 95 1137
i2
1137 -27 95
i0
96 1138 -29
i1
-29 96 1138
i2
1138 -29 96
i0
98 1139 -32
i1
-32 98 1139
i2
1139 -32 98
i0
99 1139 -34
i1
-34 99 1139
i2
1139 -34 99
i0
101 1140 -36
i1
-36 101 1140
i2
1140 -36 101
i0
102 1141 -39
i1
-39 102 1141
i2
1141 -39 102
i0
104 1142 -41
i1
-41 104 1142
i2
1142 -41 104
i0
105 1143 -43
i1
-43 105 1143
i2
1143 -43 105
i0
107 1144 -45
i1
-45 107 1144
i2
1144 -45 107
i0
108 1144 -48
i1
-48 108 1144
i2
1144 -48 108
i0
110 1145 -50
i1
-50 110 1145
i2
1145 -50 110
i0
111 1146 -52
i1
-52 111 1146
i2
1146 -52 111
i0
113 1147 -55
i1
-55 113 1147
i2
1147 -55 113
i0
114 1148 -57
i1
-57 114 1148
i2
1148 -57 114
i0
116 1148 -59
i1
-59 116 1148
i2
1148 -59 116
i0
117 1149 -62
i1
-62 117 1149
i2
1149 -62 117
i0
119 1150 -64
i1
-64 119 1150
i2
1150 -64 119
i0
121 1151 -66
i1
-66 121 1151
i2
1151 -66 121
i0
122 1151 -69
i1
-69 122 1151
i2
1151 -69 122
i0
124 1152 -71
i1
-71 124 1152
i2
1152 -71 124
i0
125 1153 -73
i1
-73 125 1153
i2
1153 -73 125
i0
127 1154 -75
i1
-75 127 1154
i2
1154 -75 127
i0
128 1154 -78
i1
-78 128 1154
i2
1154 -78 128
i0
130 1155 -80
i1
-80 130 1155
i2
1155 -80 130
i0
131 1156 -82
i1
-82 131 1156
i2
1156 -82 131
i0
133 1157 -85
i1
-85 133 1157
i2
1157 -85 133
i0
135 1157 -87
i1
-87 135 1157
i2
1157 -87 135
i0
136 1158 -89
i1
-89 136 1158
i2
1158 -89 136
i0
138 1159 -92
i1
-92 138 1159
i2
1159 -92 138
i0
139 1159 -94
i1
-94 139 1159
i2
1159 -94 139
i0
141 1160 -96
i1
-96 141 1160
i2
1160 -96 141
i0
143 1161 -98
i1
-98 143 1161
i2
1161 -98 143
i0
144 1162 -101
i1
-101 144 1162
i2
1162 -101 144
i0
146 1162 -103
i1
-103 146 1162
i2
1162 -103 146
i0
147 1163 -105
i1
-105 147 1163
i2
1163 -105 147
i0
149 1164 -108
i1
-108 149 1164
i2
1164 -108 149
i0
151 1164 -110
i1
-110 151 1164
i2
1164 -110 151
i0
152 1165 -112
i1
-112 152 1165
i2
1165 -112 152
i0
154 1166 -115
i1
-115 154 1166
i2
1166 -115 154
i0
156 1166 -117
i1
-117 156 1166
i2
1166 -117 156
i0
157 1167 -119
i1
-119 157 1167
i2
1167 -119 157
i0
159 1167 -121
i1
-121 159 1167
i2
1167 -121 159
i0
161 1168 -124
i1
-124 161 1168
i2
1168 -124 161
i0
162 1169 -126
i1
-126 162 1169
i2
1169 -126 162
i0
164 1169 -128
i1
-128 164 1169
i2
1169 -128 164
i0
166 1170 -130
i1
-130 166 1170
i2
1170 -130 166
i0
167 1171 -133
i1
-133 167 1171
i2
1171 -133 167
i0
169 1171 -135
i1
-135 169 1171
i2
1171 -135 169
i0
171 1172 -137
i1
-137 171 1172
i2
1172 -137 171
i0
172 1172 -140
i1
-140 172 1172
i2
1172 -140 172
i0
174 1173 -142
i1
-142 174 1173
i2
1173 -142 174
i0
176 1173 -144
i1
-144 176 1173
i2
1173 -144 176
i0
177 1174 -146
i1
-146 177 1174
i2
1174 -146 177
i0
179 1175 -149
i1
-149 179 1175
i2
1175 -149 179
i0
181 1175 -151
i1
-151 181 1175
i2
1175 -151 181
i0
182 1176 -153
i1
-153 182 1176
i2
1176 -153 182
i0
184 1176 -155
i1
-155 184 1176
i2
1176 -155 184
i0
186 1177 -158
i1
-158 186 1177
i2
1177 -158 186
i0
188 1177 -160
i1
-160 188 1177
i2
1177 -160 188
i0
189 1178 -162
i1
-162 189 1178
i2
1178 -162 189
i0
191 1178 -165
i1
-165 191 1178
i2
1178 -165 191
i0
193 1179 -167
i1
-167 193 1179
i2
1179 -167 193
i0
195 1179 -169
i1
-169 195 1179
i2
1179 -169 195
i0
196 1180 -171
i1
-171 196 1180
i2
1180 -171 196
i0
198 1180 -174
i1
-174 198 1180
i2
1180 -174 198
i0
200 1181 -176
i1
-176 200 1181
i2
1181 -176 200
i0
202 1181 -178
i1
-178 202 1181
i2
1181 -178 202
i0
203 1182 -180
i1
-180 203 1182
i2
1182 -180 203
i0
205 1182 -183
i1
-183 205 1182
i2
1182 -183 205
i0
207 1183 -185
i1
-185 207 1183
i2
1183 -185 207
i0
209 1183 -187
i1
-187 209 1183
i2
1183 -187 209
i0
210 1184 -189
i1
-189 210 1184
i2
1184 -189 210
i0
212 1184 -191
i1
-191 212 1184
i2
1184 -191 212
i0
214 1185 -194
i1
-194 214 1185
i2
1185 -194 214
i0
216 1185 -196
i1
-196 216 1185
i2
1185 -196 216
i0
218 1186 -198
i1
-198 218 1186
i2
1186 -198 218
i0
219 1186 -200
i1
-200 219 1186
i2
1186 -200 219
i0
221 1187 -203
i1
-203 221 1187
i2
1187 -203 221
i0
223 1187 -205
i1
-205 223 1187
i2
1187 -205 223
i0
225 1187 -207
i1
-207 225 1187
i2
1187 -207 225
i0
227 1188 -209
i1
-209 227 1188
i2
1188 -209 227
i0
228 1188 -212
i1
-212 228 1188
i2
1188 -212 228
i0
230 1189 -214
i1
-214 230 1189
i2
1189 -214 230
i0
232 1189 -216
i1
-216 232 1189
i2
1189 -216 232
i0
234 1189 -218
i1
-218 234 1189
i2
1189 -218 234
i0
236 1190 -220
i1
-220 236 1190
i2
1190 -220 236
i0
237 1190 -223
i1
-223 237 1190
i2
1190 -223 237
i0
239 1191 -225
i1
-225 239 1191
i2
1191 -225 239
i0
241 1191 -227
i1
-227 241 1191
i2
1191 -227 241
i0
243 1191 -229
i1
-229 243 1191
i2
1191 -229 243
i0
245 1192 -232
i1
-232 245 1192
i2
1192 -232 245
i0
247 1192 -234
i1
-234 247 1192
i2
1192 -234 247
i0
248 1192 -236
i1
-236 248 1192
i2
1192 -236 248
i0
250 1193 -238
i1
-238 250 1193
i2
1193 -238 250
i0
252 1193 -240
i1
-240 252 1193
i2
1193 -240 252
i0
254 1194 -243
i1
-243 254 1194
i2
1194 -243 254
i0
256 1194 -245
i1
-245 256 1194
i2
1194 -245 256
i0
258 1194 -247
i1
-247 258 1194
i2
1194 -247 258
i0
260 1195 -249
i1
-249 260 1195
i2
1195 -249 260
i0
262 1195 -251
i1
-251 262 1195
i2
1195 -251 262
i0
263 1195 -254
i1
-254 263 1195
i2
1195 -254 263
i0
265 1195 -256
i1
-256 265 1195
i2
1195 -256 265
i0
267 1196 -258
i1
-258 267 1196
i2
1196 -258 267
i0
269 1196 -260
i1
-260 269 1196
i2
1196 -260 269
i0
271 1196 -262
i1
-262 271 1196
i2
1196 -262 271
i0
273 1197 -264
i1
-264 273 1197
i2
1197 -264 273
i0
275 1197 -267
i1
-267 275 1197
i2
1197 -267 275
i0
277 1197 -269
i1
-269 277 1197
i2
1197 -269 277
i0
279 1197 -271
i1
-271 279 1197
i2
1197 -271 279
i0
280 1198 -273
i1
-273 280 1198
i2
1198 -273 280
i0
282 1198 -275
i1
-275 282 1198
i2
1198 -275 282
i0
284 1198 -278
i1
-278 284 1198
i2
1198 -278 284
i0
286 1198 -280
i1
-280 286 1198
i2
1198 -280 286
i0
288 1199 -282
i1
-282 288 1199
i2
1199 -282 288
i0
290 1199 -284
i1
-284 290 1199
i2
1199 -284 290
i0
292 1199 -286
i1
-286 292 1199
i2
1199 -286 292
i0
294 1199 -288
i1
-288 294 1199
i2
1199 -288 294
i0
296 1200 -291
i1
-291 296 1200
i2
1200 -291 296
i0
298 1200 -293
i1
-293 298 1200
i2
1200 -293 298
i0
300 1200 -295
i1
-295 300 1200
i2
1200 -295 300
i0
302 1200 -297
i1
-297 302 1200
i2
1200 -297 302
i0
304 1201 -299
i1
-299 304 1201
i2
1201 -299 304
i0
306 1201 -301
i1
-301 306 1201
i2
1201 -301 306
i0
308 1201 -303
i1
-303 308 1201
i2
1201 -303 308
i0
309 1201 -306
i1
-306 309 1201
i2
1201 -306 309
i0
311 1201 -308
i1
-308 311 1201
i2
1201 -308 311
i0
313 1201 -310
i1
-310 313 1201
i2
1201 -310 313
i0
315 1202 -312
i1
-312 315 1202
i2
1202 -312 315
i0
317 1202 -314
i1
-314 317 1202
i2
1202 -314 317
i0
319 1202 -316
i1
-316 319 1202
i2
1202 -316 319
i0
321 1202 -318
i1
-318 321 1202
i2
1202 -318 321
i0
323 1202 -321
i1
-321 323 1202
i2
1202 -321 323
i0
325 1202 -323
i1
-323 325 1202
i2
1202 -323 325
i0
327 1203 -325
i1
-325 327 1203
i2
1203 -325 327
i0
329 1203 -327
i1
-327 329 1203
i2
1203 -327 329
i0
331 1203 -329
i1
-329 331 1203
i2
1203 -329 331
i0
333 1203 -331
i1
-331 333 1203
i2
1203 -331 333
i0
335 1203 -333
i1
-333 335 1203
i2
1203 -333 335
i0
337 1203 -335
i1
-335 337 1203
i2
1203 -335 337
i0
339 1203 -337
i1
-337 339 1203
i2
1203 -337 339
i0
341 1203 -340
i1
-340 341 1203
i2
1203 -340 341
i0
343 1204 -342
i1
-342 343 1204
i2
1204 -342 343
i0
345 1204 -344
i1
-344 345 1204
i2
1204 -344 345
i0
347 1204 -346
i1
-346 347 1204
i2
1204 -346 347
i0
349 1204 -348
i1
-348 349 1204
i2
1204 -348 349
i0
351 1204 -350
i1
-350 351 1204
i2
1204 -350 351
i0
353 1204 -352
i1
-352 353 1204
i2
1204 -352 353
i0
355 1204 -354
i1
-354 355 1204
i2
1204 -354 355
i0
357 1204 -356
i1
-356 357 1204
i2
1204 -356 357
i0
359 1204 -358
i1
-358 359 1204
i2
1204 -358 359
i0
361 1204 -361
i1
-361 361 1204
i2
1204 -361 361
i0
363 1204 -363
i1
-363 363 1204
i2
1204 -363 363
i0
365 1204 -365
i1
-365 365 1204
i2
1204 -365 365
i0
367 1204 -367
i1
-367 367 1204
i2
1204 -367 367
i0
369 1204 -369
i1
-369 369 1204
i2
1204 -369 369
i0
372 1204 -371
i1
-371 372 1204
i2
1204 -371 372
i0
374 1204 -373
i1
-373 374 1204
i2
1204 -373 374
i0
376 1204 -375
i1
-375 376 1204
i2
1204 -375 376
i0
378 1204 -377
i1
-377 378 1204
i2
1204 -377 378
i0
380 1204 -379
i1
-379 380 1204
i2
1204 -379 380
i0
382 1204 -381
i1
-381 382 1204
i2
1204 -381 382
i0
384 1204 -383
i1
-383 384 1204
i2
1204 -383 384
i0
386 1204 -385
i1
-385 386 1204
i2
1204 -385 386
i0
388 1204 -387
i1
-387 388 1204
i2
1204 -387 388
i0
390 1204 -390
i1
-390 390 1204
i2
1204 -390 390
i0
392 1204 -392
i1
-392 392 1204
i2
1204 -392 392
i0
394 1204 -394
i1
-394 394 1204
i2
1204 -394 394
i0
396 1204 -396
i1
-396 396 1204
i2
1204 -396 396
i0
398 1204 -398
i1
-398 398 1204
i2
1204 -398 398
i0
400 1204 -400
i1
-400 400 1204
i2
1204 -400 400
i0
402 1204 -402
i1
-402 402 1204
i2
1204 -402 402
i0
405 1204 -404
i1
-404 405 1204
i2
1204 -404 405
i0
407 1204 -406
i1
-406 407 1204
i2
1204 -406 407
i0
409 1204 -408
i1
-408 409 1204
i2
1204 -408 409
i0
411 1204 -410
i1
-410 411 1204
i2
1204 -410 411
i0
413 1204 -412
i1
-412 413 1204
i2
1204 -412 413
i0
415 1204 -414
i1
-414 415 1204
i2
1204 -414 415
i0
417 1204 -416
i1
-416 417 1204
i2
1204 -416 417
i0
419 1204 -418
i1
-418 419 1204
i2
1204 -418 419
i0
421 1204 -420
i1
-420 421 1204
i2
1204 -420 421
i0
423 1204 -422
i1
-422 423 1204
i2
1204 -422 423
i0
426 1203 -424
i1
-424 426 1203
i2
1203 -424 426
i0
428 1203 -426
i1
-426 428 1203
i2
1203 -426 428
i0
430 1203 -428
i1
-428 430 1203
i2
1203 -428 430
i0
432 1203 -430
i1
-430 432 1203
i2
1203 -430 432
i0
434 1203 -432
i1
-432 434 1203
i2
1203 -432 434
i0
436 1203 -434
i1
-434 436 1203
i2
1203 -434 436
i0
438 1203 -436
i1
-436 438 1203
i2
1203 -436 438
i0
440 1203 -438
i1
-438 440 1203
i2
1203 -438 440
i0
442 1203 -440
i1
-440 442 1203
i2
1203 -440 442
i0
445 1202 -442
i1
-442 445 1202
i2
1202 -442 445
i0
447 1202 -444
i1
-444 447 1202
i2
1202 -444 447
i0
449 1202 -446
i1
-446 449 1202
i2
1202 -446 449
i0
451 1202 -448
i1
-448 451 1202
i2
1202 -448 451
i0
453 1202 -450
i1
-450 453 1202
i2
1202 -450 453
i0
455 1202 -452
i1
-452 455 1202
i2
1202 -452 455
i0
457 1201 -454
i1
-454 457 1201
i2
1201 -454 457
i0
460 1201 -456
i1
-456 460 1201
i2
1201 -456 460
i0
462 1201 -458
i1
-458 462 1201
i2
1201 -458 462
i0
464 1201 -460
i1
-460 464 1201
i2
1201 -460 464
i0
466 1201 -462
i1
-462 466 1201
i2
1201 -462 466
i0
468 1201 -464
i1
-464 468 1201
i2
1201 -464 468
i0
470 1200 -466
i1
-466 470 1200
i2
1200 -466 470
i0
472 1200 -468
i1
-468 472 1200
i2
1200 -468 472
i0
475 1200 -470
i1
-470 475 1200
i2
1200 -470 475
i0
477 1200 -472
i1
-472 477 1200
i2
1200 -472 477
i0
479 1200 -473
i1
-473 479 1200
i2
1200 -473 479
i0
481 1199 -475
i1
-475 481 1199
i2
1199 -475 481
i0
483 1199 -477
i1
-477 483 1199
i2
1199 -477 483
i0
485 1199 -479
i1
-479 485 1199
i2
1199 -479 485
i0
488 1199 -481
i1
-481 488 1199
i2
1199 -481 488
i0
490 1198 -483
i1
-483 490 1198
i2
1198 -483 490
i0
492 1198 -485
i1
-485 492 1198
i2
1198 -485 492
i0
494 1198 -487
i1
-487 494 1198
i2
1198 -487 494
i0
496 1198 -489
i1
-489 496 1198
i2
1198 -489 496
i0
499 1197 -491
i1
-491 499 1197
i2
1197 -491 499
i0
501 1197 -493
i1
-493 501 1197
i2
1197 -493 501
i0
503 1197 -495
i1
-495 503 1197
i2
1197 -495 503
i0
505 1197 -497
i1
-497 505 1197
i2
1197 -497 505
i0
507 1196 -499
i1
-499 507 1196
i2
1196 -499 507
i0
509 1196 -500
i1
-500 509 1196
i2
1196 -500 509
i0
512 1196 -502
i1
-502 512 1196
i2
1196 -502 512
i0
514 1195 -504
i1
-504 514 1195
i2
1195 -504 514
i0
516 1195 -506
i1
-506 516 1195
i2
1195 -506 516
i0
518 1195 -508
i1
-508 518 1195
i2
1195 -508 518
i0
520 1195 -510
i1
-510 520 1195
i2
1195 -510 520
i0
523 1194 -512
i1
-512 523 1194
i2
1194 -512 523
i0
525 1194 -514
i1
-514 525 1194
i2
1194 -514 525
i0
527 1194 -516
i1
-516 527 1194
i2
1194 -516 527
i0
529 1193 -518
i1
-518 529 1193
i2
1193 -518 529
i0
531 1193 -519
i1
-519 531 1193
i2
1193 -519 531
i0
534 1193 -521
i1
-521 534 1193
i2
1193 -521 534
i0
536 1192 -523
i1
-523 536 1192
i2
1192 -523 536
i0
538 1192 -525
i1
-525 538 1192
i2
1192 -525 538
i0
540 1192 -527
i1
-527 540 1192
i2
1192 -527 540
i0
542 1191 -529
i1
-529 542 1191
i2
1191 -529 542
i0
545 1191 -531
i1
-531 545 1191
i2
1191 -531 545
i0
547 1191 -533
i1
-533 547 1191
i2
1191 -533 547
i0
549 1190 -534
i1
-534 549 1190
i2
1190 -534 549
i0
551 1190 -536
i1
-536 551 1190
i2
1190 -536 551
i0
554 1189 -538
i1
-538 554 1189
i2
1189 -538 554
i0
556 1189 -540
i1
-540 556 1189
i2
1189 -540 556
i0
558 1189 -542
i1
-542 558 1189
i2
1189 -542 558
i0
560 1188 -544
i1
-544 560 1188
i2
1188 -544 560
i0
563 1188 -545
i1
-545 563 1188
i2
1188 -545 563
i0
565 1188 -547
i1
-547 565 1188
i2
1188 -547 565
i0
567 1187 -549
i1
-549 567 1187
i2
1187 -549 567
i0
569 1187 -551
i1
-551 569 1187
i2
1187 -551 569
i0
571 1186 -553
i1
-553 571 1186
i2
1186 -553 571
i0
574 1186 -555
i1
-555 574 1186
i2
1186 -555 574
i0
576 1186 -556
i1
-556 576 1186
i2
1186 -556 576
i0
578 1185 -558
i1
-558 578 1185
i2
1185 -558 578
i0
580 1185 -560
i1
-560 580 1185
i2
1185 -560 580
i0
583 1184 -562
i1
-562 583 1184
i2
1184 -562 583
i0
585 1184 -564
i1
-564 585 1184
i2
1184 -564 585
i0
587 1183 -566
i1
-566 587 1183
i2
1183 -566 587
i0
589 1183 -567
i1
-567 589 1183
i2
1183 -567 589
i0
592 1183 -569
i1
-569 592 1183
i2
1183 -569 592
i0
594 1182 -571
i1
-571 594 1182
i2
1182 -571 594
i0
596 1182 -573
i1
-573 596 1182
i2
1182 -573 596
i0
598 1181 -575
i1
-575 598 1181
i2
1181 -575 598
i0
601 1181 -576
i1
-576 601 1181
i2
1181 -576 601
i0
603 1180 -578
i1
-578 603 1180
i2
1180 -578 603
i0
605 1180 -580
i1
-580 605 1180
i2
1180 -580 605
i0
607 1179 -582
i1
-582 607 1179
i2
1179 -582 607
i0
610 1179 -584
i1
-584 610 1179
i2
1179 -584 610
i0
612 1178 -585
i1
-585 612 1178
i2
1178 -585 612
i0
614 1178 -587
i1
-587 614 1178
i2
1178 -587 614
i0
617 1177 -589
i1
-589 617 1177
i2
1177 -589 617
i0
619 1177 -591
i1
-591 619 1177
i2
1177 -591 619
i0
621 1176 -592
i1
-592 621 1176
i2
1176 -592 621
i0
623 1176 -594
i1
-594 623 1176
i2
1176 -594 623
i0
626 1175 -596
i1
-596 626 1175
i2
1175 -596 626
i0
628 1175 -598
i1
-598 628 1175
i2
1175 -598 628
i0
630 1174 -599
i1
-599 630 1174
i2
1174 -599 630
i0
632 1174 -601
i1
-601 632 1174
i2
1174 -601 632
i0
635 1173 -603
i1
-603 635 1173
i2
1173 -603 635
i0
637 1173 -605
i1
-605 637 1173
i2
1173 -605 637
i0
639 1172 -606
i1
-606 639 1172
i2
1172 -606 639
i0
642 1172 -608
i1
-608 642 1172
i2
1172 -608 642
i0
644 1171 -610
i1
-610 644 1171
i2
1171 -610 644
i0
646 1171 -612
i1
-612 646 1171
i2
1171 -612 646
i0
648 1170 -613
i1
-613 648 1170
i2
1170 -613 648
i0
651 1169 -615
i1
-615 651 1169
i2
1169 -615 651
i0
653 1169 -617
i1
-617 653 1169
i2
1169 -617 653
i0
655 1168 -619
i1
-619 655 1168
i2
1168 -619 655
i0
658 1168 -620
i1
-620 658 1168
i2
1168 -620 658
i0
660 1167 -622
i1
-622 660 1167
i2
1167 -622 660
i0
662 1167 -624
i1
-624 662 1167
i2
1167 -624 662
i0
664 1166 -625
i1
-625 664 1166
i2
1166 -625 664
i0
667 1165 -627
i1
-627 667 1165
i2
1165 -627 667
i0
669 1165 -629
i1
-629 669 1165
i2
1165 -629 669
i0
671 1164 -631
i1
-631 671 1164
i2
1164 -631 671
i0
674 1164 -632
i1
-632 674 1164
i2
1164 -632 674
i0
676 1163 -634
i1
-634 676 1163
i2
1163 -634 676
i0
678 1162 -636
i1
-636 678 1162
i2
1162 -636 678
i0
680 1162 -637
i1
-637 680 1162
i2
1162 -637 680
i0
683 1161 -639
i1
-639 683 1161
i2
1161 -639 683
i0
685 1161 -641
i1
-641 685 1161
i2
1161 -641 685
i0
687 1160 -642
i1
-642 687 1160
i2
1160 -642 687
i0
690 1159 -644
i1
-644 690 1159
i2
1159 -644 690
i0
692 1159 -646
i1
-646 692 1159
i2
1159 -646 692
i0
694 1158 -647
i1
-647 694 1158
i2
1158 -647 694
i0
697 1157 -649
i1
-649 697 1157
i2
1157 -649 697
i0
699 1157 -651
i1
-651 699 1157
i2
1157 -651 699
i0
701 1156 -652
i1
-652 701 1156
i2
1156 -652 701
i0
704 1156 -654
i1
-654 704 1156
i2
1156 -654 704
i0
706 1155 -656
i1
-656 706 1155
i2
1155 -656 706
i0
708 1154 -657
i1
-657 708 1154
i2
1154 -657 708
i0
710 1154 -659
i1
-659 710 1154
i2
1154 -659 710
i0
713 1153 -661
i1
-661 713 1153
i2
1153 -661 713
i0
715 1152 -662
i1
-662 715 1152
i2
1152 -662 715
i0
717 1152 -664
i1
-664 717 1152
i2
1152 -664 717
i0
720 1151 -666
i1
-666 720 1151
i2
1151 -666 720
i0
722 1150 -667
i1
-667 722 1150
i2
1150 -667 722
i0
724 1150 -669
i1
-669 724 1150
i2
1150 -669 724
i0
727 1149 -671
i1
-671 727 1149
i2
1149 -671 727
i0
729 1148 -672
i1
-672 729 1148
i2
1148 -672 729
i0
731 1147 -674
i1
-674 731 1147
i2
1147 -674 731
i0
734 1147 -675
i1
-675 734 1147
i2
1147 -675 734
