i0
500 400 400
i1
500 600 400
i2
400 400 500
i0
500 400 400
i1
500 600 400
i2
400 400 500
i0
500 400 400
i1
500 600 400
i2
400 400 500
i0
499 400 401
i1
500 599 400
i2
400 401 500
i0
499 400 401
i1
500 599 400
i2
400 401 500
i0
498 400 402
i1
500 598 400
i2
401 401 499
i0
497 400 403
i1
500 597 400
i2
401 402 499
i0
497 400 403
i1
500 597 400
i2
401 402 499
i0
496 400 404
i1
500 596 400
i2
401 403 499
i0
495 400 405
i1
500 595 400
i2
402 404 498
i0
494 400 406
i1
500 594 400
i2
402 404 498
i0
492 400 408
i1
500 592 400
i2
403 405 497
i0
491 400 409
i1
500 591 400
i2
403 406 497
i0
489 400 411
i1
500 590 400
i2
404 407 496
i0
488 400 412
i1
500 588 400
i2
404 408 496
i0
486 400 414
i1
500 586 400
i2
405 409 495
i0
484 400 416
i1
500 585 400
i2
405 410 495
i0
482 400 418
i1
500 583 400
i2
406 412 494
i0
480 401 420
i1
500 581 400
i2
407 413 493
i0
478 401 422
i1
500 579 400
i2
407 414 493
i0
475 401 425
i1
500 576 400
i2
408 416 492
i0
473 401 427
i1
499 574 401
i2
409 417 491
i0
470 401 430
i1
499 572 401
i2
410 419 490
i0
467 402 433
i1
499 569 401
i2
411 421 489
i0
464 402 436
i1
499 566 401
i2
412 423 488
i0
461 402 439
i1
499 563 401
i2
413 424 487
i0
457 403 443
i1
499 561 401
i2
414 426 486
i0
454 403 446
i1
498 557 402
i2
415 429 485
i0
450 404 450
i1
498 554 402
i2
416 431 484
i0
446 405 454
i1
498 551 402
i2
417 433 483
i0
441 406 459
i1
497 548 403
i2
419 435 481
i0
437 408 463
i1
497 544 403
i2
420 438 480
i0
432 410 468
i1
496 540 404
i2
421 440 479
i0
427 412 473
i1
496 537 404
i2
423 443 477
i0
422 416 478
i1
495 533 405
i2
425 446 475
i0
417 419 483
i1
495 529 405
i2
426 449 474
i0
412 424 488
i1
494 525 406
i2
428 452 472
i0
407 429 493
i1
493 521 407
i2
430 455 470
i0
403 434 497
i1
492 517 408
i2
432 458 468
i0
399 439 501
i1
491 512 409
i2
434 461 466
i0
395 445 505
i1
490 508 410
i2
436 464 464
i0
391 451 509
i1
489 504 411
i2
439 468 461
i0
388 457 512
i1
488 499 412
i2
441 472 459
i0
385 462 515
i1
487 495 413
i2
444 475 456
i0
382 468 518
i1
485 490 415
i2
447 479 453
i0
379 474 521
i1
484 486 416
i2
450 483 450
i0
376 480 524
i1
482 481 418
i2
454 487 446
i0
373 486 527
i1
481 476 419
i2
457 491 443
i0
371 492 529
i1
479 472 421
i2
462 495 438
i0
369 498 531
i1
477 467 423
i2
466 498 434
i0
366 504 534
i1
475 463 425
i2
471 500 429
i0
364 510 536
i1
473 458 427
i2
476 502 424
i0
362 516 538
i1
471 454 429
i2
481 504 419
i0
360 522 540
i1
468 450 432
i2
485 505 415
i0
358 528 542
i1
466 445 434
i2
490 506 410
i0
357 534 543
i1
464 441 436
i2
495 507 405
i0
355 539 545
i1
461 437 439
i2
499 507 401
i0
353 545 547
i1
459 433 441
i2
503 508 397
i0
352 551 548
i1
456 428 444
i2
508 508 392
i0
350 557 550
i1
453 424 447
i2
512 508 388
i0
349 563 551
i1
451 421 449
i2
516 507 384
i0
347 569 553
i1
448 417 452
i2
520 507 380
i0
346 574 554
i1
445 413 455
i2
524 507 376
i0
345 580 555
i1
442 409 458
i2
527 506 373
i0
344 586 556
i1
439 406 461
i2
531 506 369
i0
342 592 558
i1
436 402 464
i2
535 505 365
i0
341 597 559
i1
433 398 467
i2
538 504 362
i0
340 603 560
i1
430 395 470
i2
542 503 358
i0
339 609 561
i1
427 392 473
i2
545 503 355
i0
338 614 562
i1
424 388 476
i2
549 502 351
i0
337 620 563
i1
421 385 479
i2
552 501 348
i0
336 625 564
i1
418 382 482
i2
555 500 345
i0
336 631 564
i1
415 379 485
i2
559 499 341
i0
335 636 565
i1
412 376 488
i2
562 497 338
i0
334 642 566
i1
409 373 491
i2
565 496 335
i0
333 647 567
i1
405 370 495
i2
568 495 332
i0
333 653 567
i1
402 367 498
i2
571 494 329
i0
332 658 568
i1
399 365 501
i2
574 493 326
i0
331 664 569
i1
396 362 504
i2
577 491 323
i0
331 669 569
i1
392 360 508
i2
580 490 320
i0
330 675 570
i1
389 357 511
i2
583 488 317
i0
330 680 570
i1
386 355 514
i2
585 487 315
i0
329 685 571
i1
382 352 518
i2
588 486 312
i0
329 690 571
i1
379 350 521
i2
591 484 309
i0
328 696 572
i1
376 348 524
i2
593 483 307
i0
328 701 572
i1
372 345 528
i2
596 481 304
i0
328 706 572
i1
369 343 531
i2
599 480 301
i0
327 711 573
i1
366 341 534
i2
601 478 299
i0
327 717 573
i1
362 339 538
i2
604 476 296
i0
327 722 573
i1
359 337 541
i2
606 475 294
i0
326 727 574
i1
356 335 544
i2
609 473 291
i0
326 732 574
i1
352 333 548
i2
611 472 289
i0
326 737 574
i1
349 331 551
i2
613 470 287
i0
326 742 574
i1
345 329 555
i2
616 468 284
i0
326 747 574
i1
342 328 558
i2
618 466 282
i0
326 752 574
i1
339 326 561
i2
620 465 280
i0
325 757 575
i1
335 324 565
i2
622 463 278
i0
325 762 575
i1
332 323 568
i2
625 461 275
i0
325 767 575
i1
329 321 571
i2
627 459 273
i0
325 772 575
i1
325 320 575
i2
629 458 271
i0
325 777 575
i1
322 318 578
i2
631 456 269
i0
325 782 575
i1
318 317 582
i2
633 454 267
i0
325 786 575
i1
315 316 585
i2
635 452 265
i0
325 791 575
i1
312 314 588
i2
637 450 263
i0
325 796 575
i1
308 313 592
i2
639 449 261
i0
325 801 575
i1
305 312 595
i2
641 447 259
i0
326 806 574
i1
301 311 599
i2
643 445 257
i0
326 810 574
i1
298 309 602
i2
645 443 255
i0
326 815 574
i1
295 308 605
i2
646 441 254
i0
326 820 574
i1
291 307 609
i2
648 439 252
i0
326 824 574
i1
288 306 612
i2
650 437 250
i0
326 829 574
i1
285 305 615
i2
652 435 248
i0
327 834 573
i1
281 304 619
i2
654 433 246
i0
327 838 573
i1
278 303 622
i2
655 431 245
i0
327 843 573
i1
274 303 626
i2
657 429 243
i0
328 847 572
i1
271 302 629
i2
659 427 241
i0
328 852 572
i1
268 301 632
i2
660 425 240
i0
328 856 572
i1
264 300 636
i2
662 423 238
i0
329 861 571
i1
261 299 639
i2
663 421 237
i0
329 865 571
i1
258 299 642
i2
665 419 235
i0
329 870 571
i1
254 298 646
i2
667 417 233
i0
330 874 570
i1
251 298 649
i2
668 415 232
i0
330 878 570
i1
248 297 652
i2
670 413 230
i0
330 883 570
i1
244 296 656
i2
671 411 229
i0
331 887 569
i1
241 296 659
i2
672 409 228
i0
331 891 569
i1
238 296 662
i2
674 407 226
i0
332 896 568
i1
234 295 666
i2
675 405 225
i0
332 900 568
i1
231 295 669
i2
677 403 223
i0
333 904 567
i1
228 294 672
i2
678 401 222
i0
333 909 567
i1
225 294 675
i2
679 399 221
i0
334 913 566
i1
221 294 679
i2
681 397 219
i0
334 917 566
i1
218 293 682
i2
682 395 218
i0
335 921 565
i1
215 293 685
i2
683 393 217
i0
336 925 564
i1
212 293 688
i2
684 391 216
i0
336 929 564
i1
208 293 692
i2
686 389 214
i0
337 933 563
i1
205 293 695
i2
687 387 213
i0
337 938 563
i1
202 293 698
i2
688 385 212
i0
338 942 562
i1
199 292 701
i2
689 382 211
i0
339 946 561
i1
195 292 705
i2
690 380 210
i0
339 950 561
i1
192 292 708
i2
691 378 209
i0
340 954 560
i1
189 292 711
i2
692 376 208
i0
341 958 559
i1
186 292 714
i2
693 374 207
i0
341 962 559
i1
182 293 718
i2
694 372 206
i0
342 966 558
i1
179 293 721
i2
695 370 205
i0
343 969 557
i1
176 293 724
i2
696 368 204
i0
343 973 557
i1
173 293 727
i2
697 366 203
i0
344 977 556
i1
170 293 730
i2
698 363 202
i0
345 981 555
i1
166 293 734
i2
699 361 201
i0
346 985 554
i1
163 293 737
i2
700 359 200
i0
346 989 554
i1
160 294 740
i2
701 357 199
i0
347 993 553
i1
157 294 743
i2
702 355 198
i0
348 996 552
i1
154 294 746
i2
703 353 197
i0
349 1000 551
i1
151 295 749
i2
704 351 196
i0
350 1004 550
i1
148 295 752
i2
705 348 195
i0
350 1008 550
i1
144 295 756
i2
705 346 195
i0
351 1011 549
i1
141 296 759
i2
706 344 194
i0
352 1015 548
i1
138 296 762
i2
707 342 193
i0
353 1019 547
i1
135 297 765
i2
708 340 192
i0
354 1022 546
i1
132 297 768
i2
708 338 192
i0
355 1026 545
i1
129 298 771
i2
709 336 191
i0
356 1029 544
i1
126 298 774
i2
710 333 190
i0
357 1033 543
i1
123 299 777
i2
711 331 189
i0
358 1037 542
i1
120 299 780
i2
711 329 189
i0
358 1040 542
i1
117 300 783
i2
712 327 188
i0
359 1044 541
i1
114 301 786
i2
712 325 188
i0
360 1047 540
i1
111 301 789
i2
713 323 187
i0
361 1051 539
i1
108 302 792
i2
714 320 186
i0
362 1054 538
i1
105 303 795
i2
714 318 186
i0
363 1057 537
i1
102 303 798
i2
715 316 185
i0
364 1061 536
i1
99 304 801
i2
715 314 185
i0
365 1064 535
i1
96 305 804
i2
716 312 184
i0
366 1068 534
i1
93 306 807
i2
716 310 184
i0
367 1071 533
i1
90 307 810
i2
717 307 183
i0
368 1074 532
i1
87 307 813
i2
717 305 183
i0
369 1078 531
i1
84 308 816
i2
718 303 182
i0
370 1081 530
i1
81 309 819
i2
718 301 182
i0
371 1084 529
i1
78 310 822
i2
719 299 181
i0
372 1087 528
i1
75 311 825
i2
719 297 181
i0
373 1091 527
i1
72 312 828
i2
719 295 181
i0
375 1094 525
i1
69 313 831
i2
720 292 180
i0
376 1097 524
i1
66 314 834
i2
720 290 180
i0
377 1100 523
i1
63 315 837
i2
721 288 179
i0
378 1103 522
i1
60 316 840
i2
721 286 179
i0
379 1107 521
i1
57 317 843
i2
721 284 179
i0
380 1110 520
i1
54 318 846
i2
721 282 179
i0
381 1113 519
i1
51 319 849
i2
722 279 178
i0
382 1116 518
i1
49 320 851
i2
722 277 178
i0
383 1119 517
i1
46 321 854
i2
722 275 178
i0
384 1122 516
i1
43 322 857
i2
722 273 178
i0
386 1125 514
i1
40 324 860
i2
723 271 177
i0
387 1128 513
i1
37 325 863
i2
723 269 177
i0
388 1131 512
i1
34 326 866
i2
723 267 177
i0
389 1134 511
i1
32 327 868
i2
723 264 177
i0
390 1137 510
i1
29 328 871
i2
723 262 177
i0
391 1140 509
i1
26 330 874
i2
723 260 177
i0
393 1143 507
i1
23 331 877
i2
724 258 176
i0
394 1146 506
i1
20 332 880
i2
724 256 176
i0
395 1149 505
i1
18 333 882
i2
724 254 176
i0
396 1152 504
i1
15 335 885
i2
724 251 176
i0
398 1154 502
i1
12 336 888
i2
724 249 176
i0
399 1157 501
i1
9 337 891
i2
724 247 176
i0
400 1160 500
i1
6 339 894
i2
724 245 176
i0
401 1163 499
i1
4 340 896
i2
724 243 176
i0
402 1166 498
i1
1 342 899
i2
724 241 176
i0
404 1168 496
i1
-2 343 902
i2
724 239 176
i0
405 1171 495
i1
-4 345 904
i2
724 237 176
i0
406 1174 494
i1
-7 346 907
i2
724 234 176
i0
408 1176 492
i1
-10 348 910
i2
724 232 176
i0
409 1179 491
i1
-13 349 913
i2
724 230 176
i0
410 1182 490
i1
-15 351 915
i2
724 228 176
i0
411 1184 489
i1
-18 352 918
i2
724 226 176
i0
413 1187 487
i1
-21 354 921
i2
724 224 176
i0
414 1190 486
i1
-23 355 923
i2
723 222 177
i0
415 1192 485
i1
-26 357 926
i2
723 220 177
i0
417 1195 483
i1
-28 358 928
i2
723 218 177
i0
418 1197 482
i1
-31 360 931
i2
723 215 177
i0
419 1200 481
i1
-34 362 934
i2
723 213 177
i0
421 1202 479
i1
-36 363 936
i2
723 211 177
i0
422 1205 478
i1
-39 365 939
i2
722 209 178
i0
423 1207 477
i1
-42 367 942
i2
722 207 178
i0
425 1210 475
i1
-44 368 944
i2
722 205 178
i0
426 1212 474
i1
-47 370 947
i2
722 203 178
i0
427 1215 473
i1
-49 372 949
i2
721 201 179
i0
429 1217 471
i1
-52 373 952
i2
721 199 179
i0
430 1220 470
i1
-54 375 954
i2
721 197 179
i0
431 1222 469
i1
-57 377 957
i2
721 195 179
i0
433 1224 467
i1
-59 379 959
i2
720 193 180
i0
434 1227 466
i1
-62 381 962
i2
720 190 180
i0
435 1229 465
i1
-65 382 965
i2
720 188 180
i0
437 1231 463
i1
-67 384 967
i2
719 186 181
i0
438 1234 462
i1
-70 386 970
i2
719 184 181
i0
440 1236 460
i1
-72 388 972
i2
719 182 181
i0
441 1238 459
i1
-74 390 974
i2
718 180 182
i0
442 1240 458
i1
-77 392 977
i2
718 178 182
i0
444 1243 456
i1
-79 394 979
i2
717 176 183
i0
445 1245 455
i1
-82 396 982
i2
717 174 183
i0
447 1247 453
i1
-84 397 984
i2
716 172 184
i0
448 1249 452
i1
-87 399 987
i2
716 170 184
i0
450 1251 450
i1
-89 401 989
i2
716 168 184
i0
451 1253 449
i1
-92 403 992
i2
715 166 185
i0
452 1255 448
i1
-94 405 994
i2
715 164 185
i0
454 1258 446
i1
-96 407 996
i2
714 162 186
i0
455 1260 445
i1
-99 409 999
i2
714 160 186
i0
457 1262 443
i1
-101 411 1001
i2
713 158 187
i0
458 1264 442
i1
-104 413 1004
i2
713 156 187
i0
460 1266 440
i1
-106 415 1006
i2
712 154 188
i0
461 1268 439
i1
-108 418 1008
i2
711 152 189
i0
463 1270 437
i1
-111 420 1011
i2
711 150 189
i0
464 1272 436
i1
-113 422 1013
i2
710 148 190
i0
466 1274 434
i1
-115 424 1015
i2
710 146 190
i0
467 1276 433
i1
-118 426 1018
i2
709 144 191
i0
469 1278 431
i1
-120 428 1020
i2
708 142 192
i0
470 1279 430
i1
-122 430 1022
i2
708 140 192
i0
472 1281 428
i1
-125 432 1025
i2
707 138 193
i0
473 1283 427
i1
-127 434 1027
i2
706 136 194
i0
475 1285 425
i1
-129 437 1029
i2
706 134 194
i0
476 1287 424
i1
-131 439 1031
i2
705 132 195
i0
478 1289 422
i1
-134 441 1034
i2
704 130 196
i0
479 1291 421
i1
-136 443 1036
i2
704 128 196
i0
481 1292 419
i1
-138 446 1038
i2
703 126 197
i0
482 1294 418
i1
-140 448 1040
i2
702 124 198
i0
484 1296 416
i1
-143 450 1043
i2
701 122 199
i0
485 1298 415
i1
-145 452 1045
i2
701 120 199
i0
487 1299 413
i1
-147 455 1047
i2
700 118 200
i0
488 1301 412
i1
-149 457 1049
i2
699 117 201
i0
490 1303 410
i1
-152 459 1052
i2
698 115 202
i0
491 1304 409
i1
-154 461 1054
i2
698 113 202
i0
493 1306 407
i1
-156 464 1056
i2
697 111 203
i0
494 1308 406
i1
-158 466 1058
i2
696 109 204
i0
496 1309 404
i1
-160 468 1060
i2
695 107 205
i0
497 1311 403
i1
-162 471 1062
i2
694 105 206
i0
499 1312 401
i1
-165 473 1065
i2
693 103 207
i0
500 1314 400
i1
-167 476 1067
i2
693 101 207
i0
502 1316 398
i1
-169 478 1069
i2
692 99 208
i0
504 1317 396
i1
-171 480 1071
i2
691 98 209
i0
505 1319 395
i1
-173 483 1073
i2
690 96 210
i0
507 1320 393
i1
-175 485 1075
i2
689 94 211
i0
508 1322 392
i1
-177 488 1077
i2
688 92 212
i0
510 1323 390
i1
-179 490 1079
i2
687 90 213
i0
511 1325 389
i1
-181 493 1081
i2
686 88 214
i0
513 1326 387
i1
-183 495 1083
i2
685 86 215
i0
514 1327 386
i1
-185 497 1085
i2
684 85 216
i0
516 1329 384
i1
-187 500 1087
i2
683 83 217
i0
518 1330 382
i1
-190 502 1090
i2
682 81 218
i0
519 1332 381
i1
-192 505 1092
i2
681 79 219
i0
521 1333 379
i1
-194 507 1094
i2
680 77 220
i0
522 1334 378
i1
-196 510 1096
i2
679 75 221
i0
524 1336 376
i1
-198 513 1098
i2
678 74 222
i0
526 1337 374
i1
-200 515 1100
i2
677 72 223
i0
527 1338 373
i1
-202 518 1102
i2
676 70 224
i0
529 1339 371
i1
-204 520 1104
i2
675 68 225
i0
530 1341 370
i1
-205 523 1105
i2
674 66 226
i0
532 1342 368
i1
-207 525 1107
i2
673 65 227
i0
533 1343 367
i1
-209 528 1109
i2
672 63 228
i0
535 1344 365
i1
-211 531 1111
i2
671 61 229
i0
537 1346 363
i1
-213 533 1113
i2
670 59 230
i0
538 1347 362
i1
-215 536 1115
i2
668 58 232
i0
540 1348 360
i1
-217 538 1117
i2
667 56 233
i0
541 1349 359
i1
-219 541 1119
i2
666 54 234
i0
543 1350 357
i1
-221 544 1121
i2
665 52 235
i0
545 1351 355
i1
-223 546 1123
i2
664 51 236
i0
546 1352 354
i1
-225 549 1125
i2
663 49 237
i0
548 1354 352
i1
-227 552 1127
i2
661 47 239
i0
549 1355 351
i1
-228 554 1128
i2
660 45 240
i0
551 1356 349
i1
-230 557 1130
i2
659 44 241
i0
553 1357 347
i1
-232 560 1132
i2
658 42 242
i0
554 1358 346
i1
-234 563 1134
i2
657 40 243
i0
556 1359 344
i1
-236 565 1136
i2
655 39 245
i0
558 1360 342
i1
-238 568 1138
i2
654 37 246
i0
559 1361 341
i1
-239 571 1139
i2
653 35 247
i0
561 1362 339
i1
-241 574 1141
i2
652 34 248
i0
562 1363 338
i1
-243 576 1143
i2
650 32 250
i0
564 1364 336
i1
-245 579 1145
i2
649 30 251
i0
566 1364 334
i1
-246 582 1146
i2
648 29 252
i0
567 1365 333
i1
-248 585 1148
i2
646 27 254
i0
569 1366 331
i1
-250 587 1150
i2
645 25 255
i0
571 1367 329
i1
-252 590 1152
i2
644 24 256
i0
572 1368 328
i1
-253 593 1153
i2
642 22 258
i0
574 1369 326
i1
-255 596 1155
i2
641 20 259
i0
575 1370 325
i1
-257 599 1157
i2
640 19 260
i0
577 1370 323
i1
-259 602 1159
i2
638 17 262
i0
579 1371 321
i1
-260 604 1160
i2
637 16 263
i0
580 1372 320
i1
-262 607 1162
i2
635 14 265
i0
582 1373 318
i1
-264 610 1164
i2
634 12 266
i0
584 1373 316
i1
-265 613 1165
i2
633 11 267
i0
585 1374 315
i1
-267 616 1167
i2
631 9 269
i0
587 1375 313
i1
-269 619 1169
i2
630 8 270
i0
588 1376 312
i1
-270 622 1170
i2
628 6 272
i0
590 1376 310
i1
-272 625 1172
i2
627 4 273
i0
592 1377 308
i1
-274 627 1174
i2
625 3 275
i0
593 1378 307
i1
-275 630 1175
i2
624 1 276
i0
595 1378 305
i1
-277 633 1177
i2
623 -0 277
i0
597 1379 303
i1
-278 636 1178
i2
621 -2 279
i0
598 1379 302
i1
-280 639 1180
i2
620 -3 280
i0
600 1380 300
i1
-282 642 1182
i2
618 -5 282
i0
601 1381 299
i1
-283 645 1183
i2
617 -6 283
i0
603 1381 297
i1
-285 648 1185
i2
615 -8 285
i0
605 1382 295
i1
-286 651 1186
i2
614 -9 286
i0
606 1382 294
i1
-288 654 1188
i2
612 -11 288
i0
608 1383 292
i1
-289 657 1189
i2
610 -12 290
i0
610 1383 290
i1
-291 660 1191
i2
609 -14 291
i0
611 1384 289
i1
-292 663 1192
i2
607 -15 293
i0
613 1384 287
i1
-294 666 1194
i2
606 -17 294
i0
615 1385 285
i1
-295 669 1195
i2
604 -18 296
i0
616 1385 284
i1
-297 672 1197
i2
603 -20 297
i0
618 1385 282
i1
-298 675 1198
i2
601 -21 299
i0
619 1386 281
i1
-300 678 1200
i2
599 -23 301
i0
621 1386 279
i1
-301 681 1201
i2
598 -24 302
i0
623 1387 277
i1
-303 684 1203
i2
596 -25 304
i0
624 1387 276
i1
-304 687 1204
i2
594 -27 306
i0
626 1387 274
i1
-306 690 1206
i2
593 -28 307
i0
628 1388 272
i1
-307 693 1207
i2
591 -30 309
i0
629 1388 271
i1
-309 696 1209
i2
589 -31 311
i0
631 1388 269
i1
-310 700 1210
i2
588 -32 312
i0
633 1389 267
i1
-311 703 1211
i2
586 -34 314
i0
634 1389 266
i1
-313 706 1213
i2
584 -35 316
i0
636 1389 264
i1
-314 709 1214
i2
583 -37 317
i0
637 1389 263
i1
-316 712 1216
i2
581 -38 319
i0
639 1390 261
i1
-317 715 1217
i2
579 -39 321
i0
641 1390 259
i1
-318 718 1218
i2
578 -41 322
i0
642 1390 258
i1
-320 721 1220
i2
576 -42 324
i0
644 1390 256
i1
-321 724 1221
i2
574 -43 326
i0
646 1390 254
i1
-322 728 1222
i2
572 -45 328
i0
647 1390 253
i1
-324 731 1224
i2
571 -46 329
i0
649 1391 251
i1
-325 734 1225
i2
569 -47 331
i0
650 1391 250
i1
-326 737 1226
i2
567 -49 333
i0
652 1391 248
i1
-328 740 1228
i2
565 -50 335
i0
654 1391 246
i1
-329 743 1229
i2
563 -51 337
i0
655 1391 245
i1
-330 746 1230
i2
562 -53 338
i0
657 1391 243
i1
-331 750 1231
i2
560 -54 340
i0
659 1391 241
i1
-333 753 1233
i2
558 -55 342
i0
660 1391 240
i1
-334 756 1234
i2
556 -56 344
i0
662 1391 238
i1
-335 759 1235
i2
554 -58 346
i0
663 1391 237
i1
-336 762 1236
i2
552 -59 348
i0
665 1391 235
i1
-338 766 1238
i2
551 -60 349
i0
667 1391 233
i1
-339 769 1239
i2
549 -61 351
i0
668 1391 232
i1
-340 772 1240
i2
547 -63 353
i0
670 1391 230
i1
-341 775 1241
i2
545 -64 355
i0
671 1391 229
i1
-343 779 1243
i2
543 -65 357
i0
673 1391 227
i1
-344 782 1244
i2
541 -66 359
i0
675 1391 225
i1
-345 785 1245
i2
539 -67 361
i0
676 1391 224
i1
-346 788 1246
i2
537 -69 363
i0
678 1391 222
i1
-347 791 1247
i2
535 -70 365
i0
679 1391 221
i1
-348 795 1248
i2
534 -71 366
i0
681 1390 219
i1
-350 798 1250
i2
532 -72 368
i0
683 1390 217
i1
-351 801 1251
i2
530 -73 370
i0
684 1390 216
i1
-352 805 1252
i2
528 -74 372
i0
686 1390 214
i1
-353 808 1253
i2
526 -75 374
i0
687 1390 213
i1
-354 811 1254
i2
524 -77 376
i0
689 1389 211
i1
-355 814 1255
i2
522 -78 378
i0
691 1389 209
i1
-356 818 1256
i2
520 -79 380
i0
692 1389 208
i1
-357 821 1257
i2
518 -80 382
i0
694 1389 206
i1
-358 824 1258
i2
516 -81 384
i0
695 1388 205
i1
-359 828 1259
i2
514 -82 386
i0
697 1388 203
i1
-360 831 1260
i2
512 -83 388
i0
699 1388 201
i1
-362 834 1262
i2
510 -84 390
i0
700 1388 200
i1
-363 837 1263
i2
508 -85 392
i0
702 1387 198
i1
-364 841 1264
i2
506 -86 394
i0
703 1387 197
i1
-365 844 1265
i2
504 -87 396
i0
705 1387 195
i1
-366 847 1266
i2
502 -88 398
i0
706 1386 194
i1
-367 851 1267
i2
500 -89 400
i0
708 1386 192
i1
-368 854 1268
i2
497 -91 403
i0
710 1385 190
i1
-369 857 1269
i2
495 -92 405
i0
711 1385 189
i1
-370 861 1270
i2
493 -93 407
i0
713 1385 187
i1
-371 864 1271
i2
491 -94 409
i0
714 1384 186
i1
-372 868 1272
i2
489 -95 411
i0
716 1384 184
i1
-372 871 1272
i2
487 -96 413
i0
717 1383 183
i1
-373 874 1273
i2
485 -96 415
i0
719 1383 181
i1
-374 878 1274
i2
483 -97 417
i0
721 1382 179
i1
-375 881 1275
i2
481 -98 419
i0
722 1382 178
i1
-376 884 1276
i2
479 -99 421
i0
724 1381 176
i1
-377 888 1277
i2
476 -100 424
i0
725 1381 175
i1
-378 891 1278
i2
474 -101 426
i0
727 1380 173
i1
-379 895 1279
i2
472 -102 428
i0
728 1380 172
i1
-380 898 1280
i2
470 -103 430
i0
730 1379 170
i1
-381 901 1281
i2
468 -104 432
i0
731 1378 169
i1
-382 905 1282
i2
466 -105 434
i0
733 1378 167
i1
-382 908 1282
i2
463 -106 437
i0
734 1377 166
i1
-383 912 1283
i2
461 -107 439
i0
736 1377 164
i1
-384 915 1284
i2
459 -107 441
i0
738 1376 162
i1
-385 918 1285
i2
457 -108 443
i0
739 1375 161
i1
-386 922 1286
i2
455 -109 445
i0
741 1375 159
i1
-387 925 1287
i2
452 -110 448
i0
742 1374 158
i1
-387 929 1287
i2
450 -111 450
i0
744 1373 156
i1
-388 932 1288
i2
448 -112 452
i0
745 1372 155
i1
-389 935 1289
i2
446 -113 454
i0
747 1372 153
i1
-390 939 1290
i2
443 -113 457
i0
748 1371 152
i1
-390 942 1290
i2
441 -114 459
i0
750 1370 150
i1
-391 946 1291
i2
439 -115 461
i0
751 1370 149
i1
-392 949 1292
i2
437 -116 463
i0
753 1369 147
i1
-393 953 1293
i2
434 -116 466
i0
754 1368 146
i1
-393 956 1293
i2
432 -117 468
i0
756 1367 144
i1
-394 960 1294
i2
430 -118 470
i0
757 1366 143
i1
-395 963 1295
i2
427 -119 473
i0
759 1366 141
i1
-396 966 1296
i2
425 -119 475
i0
760 1365 140
i1
-396 970 1296
i2
423 -120 477
i0
762 1364 138
i1
-397 973 1297
i2
420 -121 480
i0
763 1363 137
i1
-398 977 1298
i2
418 -122 482
i0
765 1362 135
i1
-398 980 1298
i2
416 -122 484
i0
766 1361 134
i1
-399 984 1299
i2
413 -123 487
i0
768 1360 132
i1
-400 987 1300
i2
411 -124 489
i0
769 1359 131
i1
-400 991 1300
i2
409 -124 491
i0
771 1359 129
i1
-401 994 1301
i2
406 -125 494
i0
772 1358 128
i1
-402 998 1302
i2
404 -126 496
i0
773 1357 127
i1
-402 1001 1302
i2
402 -126 498
i0
775 1356 125
i1
-403 1005 1303
i2
399 -127 501
i0
776 1355 124
i1
-403 1008 1303
i2
397 -128 503
i0
778 1354 122
i1
-404 1012 1304
i2
394 -128 506
i0
779 1353 121
i1
-405 1015 1305
i2
392 -129 508
i0
781 1352 119
i1
-405 1019 1305
i2
390 -129 510
i0
782 1351 118
i1
-406 1022 1306
i2
387 -130 513
i0
784 1350 116
i1
-406 1026 1306
i2
385 -131 515
i0
785 1349 115
i1
-407 1029 1307
i2
382 -131 518
i0
786 1348 114
i1
-407 1033 1307
i2
380 -132 520
i0
788 1346 112
i1
-408 1036 1308
i2
377 -132 523
i0
789 1345 111
i1
-408 1040 1308
i2
375 -133 525
i0
791 1344 109
i1
-409 1043 1309
i2
373 -133 527
i0
792 1343 108
i1
-410 1047 1310
i2
370 -134 530
i0
794 1342 106
i1
-410 1050 1310
i2
368 -134 532
i0
795 1341 105
i1
-411 1054 1311
i2
365 -135 535
i0
796 1340 104
i1
-411 1057 1311
i2
363 -135 537
i0
798 1339 102
i1
-411 1061 1311
i2
360 -136 540
i0
799 1337 101
i1
-412 1064 1312
i2
358 -136 542
i0
801 1336 99
i1
-412 1068 1312
i2
355 -137 545
i0
802 1335 98
i1
-413 1071 1313
i2
353 -137 547
i0
803 1334 97
i1
-413 1075 1313
i2
350 -138 550
i0
805 1333 95
i1
-414 1079 1314
i2
348 -138 552
i0
806 1331 94
i1
-414 1082 1314
i2
345 -139 555
i0
808 1330 92
i1
-415 1086 1315
i2
343 -139 557
i0
809 1329 91
i1
-415 1089 1315
i2
340 -139 560
i0
810 1328 90
i1
-415 1093 1315
i2
338 -140 562
i0
812 1326 88
i1
-416 1096 1316
i2
335 -140 565
i0
813 1325 87
i1
-416 1100 1316
i2
332 -141 568
i0
814 1324 86
i1
-417 1103 1317
i2
330 -141 570
i0
816 1322 84
i1
-417 1107 1317
i2
327 -141 573
i0
817 1321 83
i1
-417 1110 1317
i2
325 -142 575
i0
818 1320 82
i1
-418 1114 1318
i2
322 -142 578
i0
820 1318 80
i1
-418 1118 1318
i2
320 -142 580
i0
821 1317 79
i1
-418 1121 1318
i2
317 -143 583
i0
823 1316 77
i1
-419 1125 1319
i2
314 -143 586
i0
824 1314 76
i1
-419 1128 1319
i2
312 -143 588
i0
825 1313 75
i1
-419 1132 1319
i2
309 -143 591
i0
827 1311 73
i1
-420 1135 1320
i2
307 -144 593
i0
828 1310 72
i1
-420 1139 1320
i2
304 -144 596
i0
829 1309 71
i1
-420 1142 1320
i2
301 -144 599
i0
830 1307 70
i1
-420 1146 1320
i2
299 -145 601
i0
832 1306 68
i1
-421 1150 1321
i2
296 -145 604
i0
833 1304 67
i1
-421 1153 1321
i2
294 -145 606
i0
834 1303 66
i1
-421 1157 1321
i2
291 -145 609
i0
836 1301 64
i1
-421 1160 1321
i2
288 -145 612
i0
837 1300 63
i1
-422 1164 1322
i2
286 -146 614
i0
838 1298 62
i1
-422 1167 1322
i2
283 -146 617
i0
840 1297 60
i1
-422 1171 1322
i2
280 -146 620
i0
841 1295 59
i1
-422 1175 1322
i2
278 -146 622
i0
842 1294 58
i1
-423 1178 1323
i2
275 -146 625
i0
843 1292 57
i1
-423 1182 1323
i2
272 -146 628
i0
845 1290 55
i1
-423 1185 1323
i2
270 -147 630
i0
846 1289 54
i1
-423 1189 1323
i2
267 -147 633
i0
847 1287 53
i1
-423 1192 1323
i2
264 -147 636
i0
848 1286 52
i1
-423 1196 1323
i2
261 -147 639
i0
850 1284 50
i1
-424 1200 1324
i2
259 -147 641
i0
851 1282 49
i1
-424 1203 1324
i2
256 -147 644
i0
852 1281 48
i1
-424 1207 1324
i2
253 -147 647
i0
853 1279 47
i1
-424 1210 1324
i2
251 -147 649
i0
855 1278 45
i1
-424 1214 1324
i2
248 -147 652
i0
856 1276 44
i1
-424 1217 1324
i2
245 -147 655
i0
857 1274 43
i1
-424 1221 1324
i2
242 -147 658
i0
858 1273 42
i1
-424 1225 1324
i2
240 -147 660
i0
859 1271 41
i1
-424 1228 1324
i2
237 -147 663
i0
861 1269 39
i1
-425 1232 1325
i2
234 -147 666
i0
862 1267 38
i1
-425 1235 1325
i2
231 -147 669
i0
863 1266 37
i1
-425 1239 1325
i2
229 -147 671
i0
864 1264 36
i1
-425 1242 1325
i2
226 -147 674
i0
865 1262 35
i1
-425 1246 1325
i2
223 -147 677
i0
867 1260 33
i1
-425 1250 1325
i2
220 -147 680
i0
868 1259 32
i1
-425 1253 1325
i2
217 -147 683
i0
869 1257 31
i1
-425 1257 1325
i2
215 -147 685
i0
870 1255 30
i1
-425 1260 1325
i2
212 -147 688
i0
871 1253 29
i1
-425 1264 1325
i2
209 -147 691
i0
872 1251 28
i1
-425 1268 1325
i2
206 -147 694
i0
874 1250 26
i1
-425 1271 1325
i2
203 -147 697
i0
875 1248 25
i1
-425 1275 1325
i2
201 -147 699
i0
876 1246 24
i1
-425 1278 1325
i2
198 -146 702
i0
877 1244 23
i1
-425 1282 1325
i2
195 -146 705
i0
878 1242 22
i1
-425 1285 1325
i2
192 -146 708
i0
879 1240 21
i1
-425 1289 1325
i2
189 -146 711
i0
880 1238 20
i1
-425 1293 1325
i2
187 -146 713
i0
882 1237 18
i1
-425 1296 1325
i2
184 -146 716
i0
883 1235 17
i1
-424 1300 1324
i2
181 -145 719
i0
884 1233 16
i1
-424 1303 1324
i2
178 -145 722
i0
885 1231 15
i1
-424 1307 1324
i2
175 -145 725
i0
886 1229 14
i1
-424 1310 1324
i2
172 -145 728
i0
887 1227 13
i1
-424 1314 1324
i2
169 -145 731
i0
888 1225 12
i1
-424 1318 1324
i2
167 -144 733
i0
889 1223 11
i1
-424 1321 1324
i2
164 -144 736
i0
890 1221 10
i1
-424 1325 1324
i2
161 -144 739
i0
891 1219 9
i1
-424 1328 1324
i2
158 -143 742
i0
892 1217 8
i1
-423 1332 1323
i2
155 -143 745
i0
893 1215 7
i1
-423 1336 1323
i2
152 -143 748
i0
895 1213 5
i1
-423 1339 1323
i2
149 -143 751
i0
896 1211 4
i1
-423 1343 1323
i2
146 -142 754
i0
897 1209 3
i1
-423 1346 1323
i2
143 -142 757
i0
898 1207 2
i1
-423 1350 1323
i2
141 -141 759
i0
899 1205 1
i1
-422 1353 1322
i2
138 -141 762
i0
900 1203 0
i1
-422 1357 1322
i2
135 -141 765
i0
901 1201 -1
i1
-422 1360 1322
i2
132 -140 768
i0
902 1199 -2
i1
-422 1364 1322
i2
129 -140 771
i0
903 1196 -3
i1
-421 1368 1321
i2
126 -140 774
i0
904 1194 -4
i1
-421 1371 1321
i2
123 -139 777
i0
905 1192 -5
i1
-421 1375 1321
i2
120 -139 780
i0
906 1190 -6
i1
-421 1378 1321
i2
117 -138 783
i0
907 1188 -7
i1
-420 1382 1320
i2
114 -138 786
i0
908 1186 -8
i1
-420 1385 1320
i2
111 -137 789
i0
909 1184 -9
i1
-420 1389 1320
i2
108 -137 792
i0
910 1182 -10
i1
-420 1393 1320
i2
105 -136 795
i0
911 1179 -11
i1
-419 1396 1319
i2
102 -136 798
i0
912 1177 -12
i1
-419 1400 1319
i2
99 -135 801
i0
913 1175 -13
i1
-419 1403 1319
i2
96 -135 804
i0
914 1173 -14
i1
-418 1407 1318
i2
94 -134 806
i0
915 1171 -15
i1
-418 1410 1318
i2
91 -134 809
i0
915 1168 -15
i1
-418 1414 1318
i2
88 -133 812
i0
916 1166 -16
i1
-417 1417 1317
i2
85 -133 815
i0
917 1164 -17
i1
-417 1421 1317
i2
82 -132 818
i0
918 1162 -18
i1
-417 1424 1317
i2
79 -132 821
i0
919 1160 -19
i1
-416 1428 1316
i2
76 -131 824
i0
920 1157 -20
i1
-416 1432 1316
i2
73 -130 827
i0
921 1155 -21
i1
-416 1435 1316
i2
70 -130 830
i0
922 1153 -22
i1
-415 1439 1315
i2
67 -129 833
i0
923 1150 -23
i1
-415 1442 1315
i2
64 -128 836
i0
924 1148 -24
i1
-414 1446 1314
i2
61 -128 839
i0
925 1146 -25
i1
-414 1449 1314
i2
58 -127 842
i0
925 1144 -25
i1
-414 1453 1314
i2
55 -126 845
i0
926 1141 -26
i1
-413 1456 1313
i2
52 -126 848
i0
927 1139 -27
i1
-413 1460 1313
i2
49 -125 851
i0
928 1137 -28
i1
-412 1463 1312
i2
46 -124 854
i0
929 1134 -29
i1
-412 1467 1312
i2
42 -124 858
i0
930 1132 -30
i1
-411 1470 1311
i2
39 -123 861
i0
931 1130 -31
i1
-411 1474 1311
i2
36 -122 864
i0
931 1127 -31
i1
-411 1477 1311
i2
33 -121 867
i0
932 1125 -32
i1
-410 1481 1310
i2
30 -121 870
i0
933 1122 -33
i1
-410 1484 1310
i2
27 -120 873
i0
934 1120 -34
i1
-409 1488 1309
i2
24 -119 876
i0
935 1118 -35
i1
-409 1492 1309
i2
21 -118 879
i0
935 1115 -35
i1
-408 1495 1308
i2
18 -117 882
i0
936 1113 -36
i1
-408 1499 1308
i2
15 -117 885
i0
937 1110 -37
i1
-407 1502 1307
i2
12 -116 888
i0
938 1108 -38
i1
-407 1506 1307
i2
9 -115 891
i0
939 1105 -39
i1
-406 1509 1306
i2
6 -114 894
i0
939 1103 -39
i1
-405 1513 1305
i2
3 -113 897
i0
940 1101 -40
i1
-405 1516 1305
i2
-0 -112 900
i0
941 1098 -41
i1
-404 1520 1304
i2
-3 -111 903
i0
942 1096 -42
i1
-404 1523 1304
i2
-6 -111 906
i0
942 1093 -42
i1
-403 1526 1303
i2
-9 -110 909
i0
943 1091 -43
i1
-403 1530 1303
i2
-13 -109 913
i0
944 1088 -44
i1
-402 1533 1302
i2
-16 -108 916
i0
945 1086 -45
i1
-401 1537 1301
i2
-19 -107 919
i0
945 1083 -45
i1
-401 1540 1301
i2
-22 -106 922
i0
946 1081 -46
i1
-400 1544 1300
i2
-25 -105 925
i0
947 1078 -47
i1
-400 1547 1300
i2
-28 -104 928
i0
948 1076 -48
i1
-399 1551 1299
i2
-31 -103 931
i0
948 1073 -48
i1
-398 1554 1298
i2
-34 -102 934
i0
949 1070 -49
i1
-398 1558 1298
i2
-37 -101 937
i0
950 1068 -50
i1
-397 1561 1297
i2
-40 -100 940
i0
950 1065 -50
i1
-396 1565 1296
i2
-44 -99 944
i0
951 1063 -51
i1
-396 1568 1296
i2
-47 -98 947
i0
952 1060 -52
i1
-395 1572 1295
i2
-50 -97 950
i0
952 1058 -52
i1
-394 1575 1294
i2
-53 -96 953
i0
953 1055 -53
i1
-394 1579 1294
i2
-56 -94 956
i0
954 1052 -54
i1
-393 1582 1293
i2
-59 -93 959
i0
954 1050 -54
i1
-392 1585 1292
i2
-62 -92 962
i0
955 1047 -55
i1
-392 1589 1292
i2
-65 -91 965
i0
956 1045 -56
i1
-391 1592 1291
i2
-68 -90 968
i0
956 1042 -56
i1
-390 1596 1290
i2
-72 -89 972
i0
957 1039 -57
i1
-389 1599 1289
i2
-75 -88 975
i0
957 1037 -57
i1
-389 1603 1289
i2
-78 -86 978
i0
958 1034 -58
i1
-388 1606 1288
i2
-81 -85 981
i0
959 1031 -59
i1
-387 1609 1287
i2
-84 -84 984
i0
959 1029 -59
i1
-386 1613 1286
i2
-87 -83 987
i0
960 1026 -60
i1
-386 1616 1286
i2
-90 -82 990
i0
960 1023 -60
i1
-385 1620 1285
i2
-94 -80 994
i0
961 1021 -61
i1
-384 1623 1284
i2
-97 -79 997
i0
961 1018 -61
i1
-383 1626 1283
i2
-100 -78 1000
i0
962 1015 -62
i1
-383 1630 1283
i2
-103 -77 1003
i0
963 1013 -63
i1
-382 1633 1282
i2
-106 -75 1006
i0
963 1010 -63
i1
-381 1637 1281
i2
-109 -74 1009
i0
964 1007 -64
i1
-380 1640 1280
i2
-113 -73 1013
i0
964 1004 -64
i1
-379 1643 1279
i2
-116 -72 1016
i0
965 1002 -65
i1
-379 1647 1279
i2
-119 -70 1019
i0
965 999 -65
i1
-378 1650 1278
i2
-122 -69 1022
i0
966 996 -66
i1
-377 1654 1277
i2
-125 -68 1025
i0
966 993 -66
i1
-376 1657 1276
i2
-128 -66 1028
i0
967 991 -67
i1
-375 1660 1275
i2
-131 -65 1031
i0
967 988 -67
i1
-374 1664 1274
i2
-135 -63 1035
i0
968 985 -68
i1
-373 1667 1273
i2
-138 -62 1038
i0
968 982 -68
i1
-373 1670 1273
i2
-141 -61 1041
i0
969 980 -69
i1
-372 1674 1272
i2
-144 -59 1044
i0
969 977 -69
i1
-371 1677 1271
i2
-147 -58 1047
i0
970 974 -70
i1
-370 1681 1270
i2
-151 -56 1051
i0
970 971 -70
i1
-369 1684 1269
i2
-154 -55 1054
i0
971 968 -71
i1
-368 1687 1268
i2
-157 -53 1057
i0
971 966 -71
i1
-367 1691 1267
i2
-160 -52 1060
i0
971 963 -71
i1
-366 1694 1266
i2
-163 -50 1063
i0
972 960 -72
i1
-365 1697 1265
i2
-166 -49 1066
i0
972 957 -72
i1
-364 1701 1264
i2
-170 -47 1070
i0
973 954 -73
i1
-363 1704 1263
i2
-173 -46 1073
i0
973 951 -73
i1
-362 1707 1262
i2
-176 -44 1076
i0
974 949 -74
i1
-361 1711 1261
i2
-179 -43 1079
i0
974 946 -74
i1
-361 1714 1261
i2
-182 -41 1082
i0
974 943 -74
i1
-360 1717 1260
i2
-186 -40 1086
i0
975 940 -75
i1
-359 1720 1259
i2
-189 -38 1089
i0
975 937 -75
i1
-358 1724 1258
i2
-192 -37 1092
i0
975 934 -75
i1
-357 1727 1257
i2
-195 -35 1095
i0
976 931 -76
i1
-356 1730 1256
i2
-198 -33 1098
i0
976 929 -76
i1
-355 1734 1255
i2
-202 -32 1102
i0
977 926 -77
i1
-354 1737 1254
i2
-205 -30 1105
i0
977 923 -77
i1
-353 1740 1253
i2
-208 -28 1108
i0
977 920 -77
i1
-352 1744 1252
i2
-211 -27 1111
i0
978 917 -78
i1
-350 1747 1250
i2
-214 -25 1114
i0
978 914 -78
i1
-349 1750 1249
i2
-218 -23 1118
i0
978 911 -78
i1
-348 1753 1248
i2
-221 -22 1121
i0
978 908 -78
i1
-347 1757 1247
i2
-224 -20 1124
i0
979 905 -79
i1
-346 1760 1246
i2
-227 -18 1127
i0
979 902 -79
i1
-345 1763 1245
i2
-230 -16 1130
i0
979 899 -79
i1
-344 1766 1244
i2
-234 -15 1134
i0
980 896 -80
i1
-343 1770 1243
i2
-237 -13 1137
i0
980 894 -80
i1
-342 1773 1242
i2
-240 -11 1140
i0
980 891 -80
i1
-341 1776 1241
i2
-243 -9 1143
i0
980 888 -80
i1
-340 1779 1240
i2
-246 -8 1146
i0
981 885 -81
i1
-339 1783 1239
i2
-250 -6 1150
i0
981 882 -81
i1
-338 1786 1238
i2
-253 -4 1153
i0
981 879 -81
i1
-336 1789 1236
i2
-256 -2 1156
i0
981 876 -81
i1
-335 1792 1235
i2
-259 -0 1159
i0
982 873 -82
i1
-334 1795 1234
i2
-262 2 1162
i0
982 870 -82
i1
-333 1799 1233
i2
-266 3 1166
i0
982 867 -82
i1
-332 1802 1232
i2
-269 5 1169
i0
982 864 -82
i1
-331 1805 1231
i2
-272 7 1172
i0
983 861 -83
i1
-330 1808 1230
i2
-275 9 1175
i0
983 858 -83
i1
-328 1811 1228
i2
-279 11 1179
i0
983 855 -83
i1
-327 1815 1227
i2
-282 13 1182
i0
983 852 -83
i1
-326 1818 1226
i2
-285 15 1185
i0
983 849 -83
i1
-325 1821 1225
i2
-288 17 1188
i0
983 846 -83
i1
-324 1824 1224
i2
-291 19 1191
i0
984 843 -84
i1
-323 1827 1223
i2
-295 21 1195
i0
984 840 -84
i1
-321 1830 1221
i2
-298 23 1198
i0
984 837 -84
i1
-320 1834 1220
i2
-301 25 1201
i0
984 834 -84
i1
-319 1837 1219
i2
-304 27 1204
i0
984 830 -84
i1
-318 1840 1218
i2
-307 29 1207
i0
984 827 -84
i1
-316 1843 1216
i2
-311 31 1211
i0
984 824 -84
i1
-315 1846 1215
i2
-314 33 1214
i0
985 821 -85
i1
-314 1849 1214
i2
-317 35 1217
i0
985 818 -85
i1
-313 1852 1213
i2
-320 37 1220
i0
985 815 -85
i1
-312 1856 1212
i2
-324 39 1224
i0
985 812 -85
i1
-310 1859 1210
i2
-327 41 1227
i0
985 809 -85
i1
-309 1862 1209
i2
-330 43 1230
i0
985 806 -85
i1
-308 1865 1208
i2
-333 45 1233
i0
985 803 -85
i1
-306 1868 1206
i2
-336 47 1236
i0
985 800 -85
i1
-305 1871 1205
i2
-340 49 1240
i0
985 797 -85
i1
-304 1874 1204
i2
-343 52 1243
i0
985 794 -85
i1
-303 1877 1203
i2
-346 54 1246
i0
985 791 -85
i1
-301 1880 1201
i2
-349 56 1249
i0
985 787 -85
i1
-300 1883 1200
i2
-352 58 1252
i0
985 784 -85
i1
-299 1886 1199
i2
-356 60 1256
i0
985 781 -85
i1
-297 1889 1197
i2
-359 63 1259
i0
985 778 -85
i1
-296 1893 1196
i2
-362 65 1262
i0
985 775 -85
i1
-295 1896 1195
i2
-365 67 1265
i0
985 772 -85
i1
-293 1899 1193
i2
-369 69 1269
i0
985 769 -85
i1
-292 1902 1192
i2
-372 71 1272
i0
985 766 -85
i1
-291 1905 1191
i2
-375 74 1275
i0
985 762 -85
i1
-289 1908 1189
i2
-378 76 1278
i0
985 759 -85
i1
-288 1911 1188
i2
-381 78 1281
i0
985 756 -85
i1
-287 1914 1187
i2
-385 81 1285
i0
985 753 -85
i1
-285 1917 1185
i2
-388 83 1288
i0
985 750 -85
i1
-284 1920 1184
i2
-391 85 1291
i0
985 747 -85
i1
-282 1923 1182
i2
-394 87 1294
i0
985 744 -85
i1
-281 1926 1181
i2
-397 90 1297
i0
985 740 -85
i1
-280 1929 1180
i2
-401 92 1301
i0
985 737 -85
i1
-278 1932 1178
i2
-404 95 1304
i0
985 734 -85
i1
-277 1935 1177
i2
-407 97 1307
i0
985 731 -85
i1
-275 1938 1175
i2
-410 99 1310
i0
985 728 -85
i1
-274 1941 1174
i2
-413 102 1313
i0
985 725 -85
i1
-273 1944 1173
i2
-417 104 1317
i0
984 721 -84
i1
-271 1947 1171
i2
-420 107 1320
i0
984 718 -84
i1
-270 1950 1170
i2
-423 109 1323
i0
984 715 -84
i1
-268 1953 1168
i2
-426 111 1326
i0
984 712 -84
i1
-267 1956 1167
i2
-429 114 1329
i0
984 709 -84
i1
-265 1959 1165
i2
-433 116 1333
i0
984 706 -84
i1
-264 1961 1164
i2
-436 119 1336
i0
984 702 -84
i1
-263 1964 1163
i2
-439 121 1339
i0
984 699 -84
i1
-261 1967 1161
i2
-442 124 1342
i0
983 696 -83
i1
-260 1970 1160
i2
-445 126 1345
i0
983 693 -83
i1
-258 1973 1158
i2
-449 129 1349
i0
983 690 -83
i1
-257 1976 1157
i2
-452 131 1352
i0
983 686 -83
i1
-255 1979 1155
i2
-455 134 1355
i0
983 683 -83
i1
-254 1982 1154
i2
-458 136 1358
i0
982 680 -82
i1
-252 1985 1152
i2
-461 139 1361
i0
982 677 -82
i1
-251 1988 1151
i2
-465 142 1365
i0
982 674 -82
i1
-249 1991 1149
i2
-468 144 1368
i0
982 670 -82
i1
-248 1993 1148
i2
-471 147 1371
i0
982 667 -82
i1
-246 1996 1146
i2
-474 149 1374
i0
981 664 -81
i1
-245 1999 1145
i2
-477 152 1377
i0
981 661 -81
i1
-243 2002 1143
i2
-480 155 1380
i0
981 657 -81
i1
-242 2005 1142
i2
-484 157 1384
i0
981 654 -81
i1
-240 2008 1140
i2
-487 160 1387
i0
980 651 -80
i1
-238 2010 1138
i2
-490 163 1390
i0
980 648 -80
i1
-237 2013 1137
i2
-493 165 1393
i0
980 644 -80
i1
-235 2016 1135
i2
-496 168 1396
i0
980 641 -80
i1
-234 2019 1134
i2
-499 171 1399
i0
979 638 -79
i1
-232 2022 1132
i2
-503 173 1403
i0
979 635 -79
i1
-231 2025 1131
i2
-506 176 1406
i0
979 632 -79
i1
-229 2027 1129
i2
-509 179 1409
i0
978 628 -78
i1
-227 2030 1127
i2
-512 181 1412
i0
978 625 -78
i1
-226 2033 1126
i2
-515 184 1415
i0
978 622 -78
i1
-224 2036 1124
i2
-518 187 1418
i0
977 619 -77
i1
-223 2039 1123
i2
-522 190 1422
i0
977 615 -77
i1
-221 2041 1121
i2
-525 193 1425
i0
977 612 -77
i1
-219 2044 1119
i2
-528 195 1428
i0
976 609 -76
i1
-218 2047 1118
i2
-531 198 1431
i0
976 605 -76
i1
-216 2050 1116
i2
-534 201 1434
i0
976 602 -76
i1
-215 2052 1115
i2
-537 204 1437
i0
975 599 -75
i1
-213 2055 1113
i2
-541 207 1441
i0
975 596 -75
i1
-211 2058 1111
i2
-544 209 1444
i0
975 592 -75
i1
-210 2061 1110
i2
-547 212 1447
i0
974 589 -74
i1
-208 2063 1108
i2
-550 215 1450
i0
974 586 -74
i1
-206 2066 1106
i2
-553 218 1453
i0
973 583 -73
i1
-205 2069 1105
i2
-556 221 1456
i0
973 579 -73
i1
-203 2071 1103
i2
-559 224 1459
i0
973 576 -73
i1
-201 2074 1101
i2
-563 227 1463
i0
972 573 -72
i1
-200 2077 1100
i2
-566 230 1466
i0
972 570 -72
i1
-198 2079 1098
i2
-569 233 1469
i0
971 566 -71
i1
-196 2082 1096
i2
-572 236 1472
i0
971 563 -71
i1
-195 2085 1095
i2
-575 239 1475
i0
970 560 -70
i1
-193 2087 1093
i2
-578 241 1478
i0
970 556 -70
i1
-191 2090 1091
i2
-581 244 1481
i0
970 553 -70
i1
-190 2093 1090
i2
-584 247 1484
i0
969 550 -69
i1
-188 2095 1088
i2
-588 250 1488
i0
969 547 -69
i1
-186 2098 1086
i2
-591 253 1491
i0
968 543 -68
i1
-184 2101 1084
i2
-594 256 1494
i0
968 540 -68
i1
-183 2103 1083
i2
-597 259 1497
i0
967 537 -67
i1
-181 2106 1081
i2
-600 263 1500
i0
967 533 -67
i1
-179 2109 1079
i2
-603 266 1503
i0
966 530 -66
i1
-177 2111 1077
i2
-606 269 1506
i0
966 527 -66
i1
-176 2114 1076
i2
-609 272 1509
i0
965 523 -65
i1
-174 2116 1074
i2
-612 275 1512
i0
965 520 -65
i1
-172 2119 1072
i2
-615 278 1515
i0
964 517 -64
i1
-171 2122 1071
i2
-619 281 1519
i0
964 514 -64
i1
-169 2124 1069
i2
-622 284 1522
i0
963 510 -63
i1
-167 2127 1067
i2
-625 287 1525
i0
962 507 -62
i1
-165 2129 1065
i2
-628 290 1528
i0
962 504 -62
i1
-163 2132 1063
i2
-631 293 1531
i0
961 500 -61
i1
-162 2134 1062
i2
-634 297 1534
i0
961 497 -61
i1
-160 2137 1060
i2
-637 300 1537
i0
960 494 -60
i1
-158 2139 1058
i2
-640 303 1540
i0
960 490 -60
i1
-156 2142 1056
i2
-643 306 1543
i0
959 487 -59
i1
-155 2144 1055
i2
-646 309 1546
i0
958 484 -58
i1
-153 2147 1053
i2
-649 313 1549
i0
958 481 -58
i1
-151 2149 1051
i2
-652 316 1552
i0
957 477 -57
i1
-149 2152 1049
i2
-655 319 1555
i0
957 474 -57
i1
-147 2154 1047
i2
-659 322 1559
i0
956 471 -56
i1
-145 2157 1045
i2
-662 325 1562
i0
955 467 -55
i1
-144 2159 1044
i2
-665 329 1565
i0
955 464 -55
i1
-142 2162 1042
i2
-668 332 1568
i0
954 461 -54
i1
-140 2164 1040
i2
-671 335 1571
i0
953 457 -53
i1
-138 2167 1038
i2
-674 338 1574
i0
953 454 -53
i1
-136 2169 1036
i2
-677 342 1577
i0
952 451 -52
i1
-134 2172 1034
i2
-680 345 1580
i0
951 447 -51
i1
-133 2174 1033
i2
-683 348 1583
i0
951 444 -51
i1
-131 2177 1031
i2
-686 352 1586
i0
950 441 -50
i1
-129 2179 1029
i2
-689 355 1589
i0
949 437 -49
i1
-127 2181 1027
i2
-692 358 1592
i0
949 434 -49
i1
-125 2184 1025
i2
-695 362 1595
i0
948 431 -48
i1
-123 2186 1023
i2
-698 365 1598
i0
947 428 -47
i1
-121 2189 1021
i2
-701 368 1601
i0
947 424 -47
i1
-120 2191 1020
i2
-704 372 1604
i0
946 421 -46
i1
-118 2193 1018
i2
-707 375 1607
i0
945 418 -45
i1
-116 2196 1016
i2
-710 379 1610
i0
944 414 -44
i1
-114 2198 1014
i2
-713 382 1613
i0
944 411 -44
i1
-112 2201 1012
i2
-716 385 1616
i0
943 408 -43
i1
-110 2203 1010
i2
-719 389 1619
i0
942 404 -42
i1
-108 2205 1008
i2
-722 392 1622
i0
941 401 -41
i1
-106 2208 1006
i2
-725 396 1625
i0
941 398 -41
i1
-104 2210 1004
i2
-728 399 1628
i0
940 394 -40
i1
-103 2212 1003
i2
-731 403 1631
i0
939 391 -39
i1
-101 2215 1001
i2
-734 406 1634
i0
938 388 -38
i1
-99 2217 999
i2
-737 410 1637
i0
937 384 -37
i1
-97 2219 997
i2
-740 413 1640
i0
937 381 -37
i1
-95 2222 995
i2
-743 417 1643
i0
936 378 -36
i1
-93 2224 993
i2
-746 420 1646
i0
935 375 -35
i1
-91 2226 991
i2
-749 424 1649
i0
934 371 -34
i1
-89 2228 989
i2
-752 427 1652
i0
933 368 -33
i1
-87 2231 987
i2
-755 431 1655
i0
933 365 -33
i1
-85 2233 985
i2
-758 434 1658
i0
932 361 -32
i1
-83 2235 983
i2
-761 438 1661
i0
931 358 -31
i1
-81 2237 981
i2
-764 441 1664
i0
930 355 -30
i1
-79 2240 979
i2
-767 445 1667
i0
929 351 -29
i1
-77 2242 977
i2
-770 448 1670
i0
928 348 -28
i1
-75 2244 975
i2
-773 452 1673
i0
928 345 -28
i1
-73 2246 973
i2
-775 456 1675
i0
927 341 -27
i1
-71 2249 971
i2
-778 459 1678
i0
926 338 -26
i1
-69 2251 969
i2
-781 463 1681
i0
925 335 -25
i1
-67 2253 967
i2
-784 467 1684
i0
924 331 -24
i1
-65 2255 965
i2
-787 470 1687
i0
923 328 -23
i1
-63 2257 963
i2
-790 474 1690
i0
922 325 -22
i1
-61 2260 961
i2
-793 477 1693
i0
921 322 -21
i1
-59 2262 959
i2
-796 481 1696
i0
920 318 -20
i1
-57 2264 957
i2
-799 485 1699
i0
919 315 -19
i1
-55 2266 955
i2
-802 488 1702
i0
919 312 -19
i1
-53 2268 953
i2
-805 492 1705
i0
918 308 -18
i1
-51 2270 951
i2
-808 496 1708
i0
917 305 -17
i1
-49 2273 949
i2
-810 500 1710
i0
916 302 -16
i1
-47 2275 947
i2
-813 503 1713
i0
915 298 -15
i1
-45 2277 945
i2
-816 507 1716
i0
914 295 -14
i1
-43 2279 943
i2
-819 511 1719
i0
913 292 -13
i1
-41 2281 941
i2
-822 514 1722
i0
912 288 -12
i1
-39 2283 939
i2
-825 518 1725
i0
911 285 -11
i1
-37 2285 937
i2
-828 522 1728
i0
910 282 -10
i1
-35 2287 935
i2
-831 526 1731
i0
909 279 -9
i1
-33 2289 933
i2
-833 530 1733
i0
908 275 -8
i1
-31 2291 931
i2
-836 533 1736
i0
907 272 -7
i1
-29 2294 929
i2
-839 537 1739
i0
906 269 -6
i1
-27 2296 927
i2
-842 541 1742
i0
905 265 -5
i1
-25 2298 925
i2
-845 545 1745
i0
904 262 -4
i1
-23 2300 923
i2
-848 549 1748
i0
903 259 -3
i1
-21 2302 921
i2
-851 552 1751
i0
902 255 -2
i1
-19 2304 919
i2
-853 556 1753
i0
901 252 -1
i1
-17 2306 917
i2
-856 560 1756
i0
900 249 0
i1
-15 2308 915
i2
-859 564 1759
i0
899 246 1
i1
-12 2310 912
i2
-862 568 1762
i0
898 242 2
i1
-10 2312 910
i2
-865 572 1765
i0
897 239 3
i1
-8 2314 908
i2
-867 575 1767
i0
896 236 4
i1
-6 2316 906
i2
-870 579 1770
i0
895 232 5
i1
-4 2318 904
i2
-873 583 1773
i0
893 229 7
i1
-2 2320 902
i2
-876 587 1776
i0
892 226 8
i1
0 2322 900
i2
-879 591 1779
i0
891 223 9
i1
2 2324 898
i2
-881 595 1781
i0
890 219 10
i1
4 2326 896
i2
-884 599 1784
i0
889 216 11
i1
6 2328 894
i2
-887 603 1787
i0
888 213 12
i1
8 2329 892
i2
-890 607 1790
i0
887 209 13
i1
11 2331 889
i2
-893 611 1793
i0
886 206 14
i1
13 2333 887
i2
-895 615 1795
i0
885 203 15
i1
15 2335 885
i2
-898 619 1798
i0
884 200 16
i1
17 2337 883
i2
-901 623 1801
i0
882 196 18
i1
19 2339 881
i2
-904 627 1804
i0
881 193 19
i1
21 2341 879
i2
-906 631 1806
i0
880 190 20
i1
23 2343 877
i2
-909 635 1809
i0
879 187 21
i1
25 2345 875
i2
-912 639 1812
i0
878 183 22
i1
28 2347 872
i2
-915 643 1815
i0
877 180 23
i1
30 2348 870
i2
-917 647 1817
i0
876 177 24
i1
32 2350 868
i2
-920 651 1820
i0
874 174 26
i1
34 2352 866
i2
-923 655 1823
i0
873 170 27
i1
36 2354 864
i2
-926 659 1826
i0
872 167 28
i1
38 2356 862
i2
-928 663 1828
i0
871 164 29
i1
40 2358 860
i2
-931 667 1831
i0
870 160 30
i1
43 2359 857
i2
-934 671 1834
i0
868 157 32
i1
45 2361 855
i2
-937 675 1837
i0
867 154 33
i1
47 2363 853
i2
-939 679 1839
i0
866 151 34
i1
49 2365 851
i2
-942 683 1842
i0
865 147 35
i1
51 2367 849
i2
-945 687 1845
i0
864 144 36
i1
53 2368 847
i2
-947 691 1847
i0
862 141 38
i1
56 2370 844
i2
-950 695 1850
i0
861 138 39
i1
58 2372 842
i2
-953 700 1853
i0
860 135 40
i1
60 2374 840
i2
-955 704 1855
i0
859 131 41
i1
62 2375 838
i2
-958 708 1858
i0
857 128 43
i1
64 2377 836
i2
-961 712 1861
i0
856 125 44
i1
67 2379 833
i2
-963 716 1863
i0
855 122 45
i1
69 2381 831
i2
-966 720 1866
i0
854 118 46
i1
71 2382 829
i2
-969 724 1869
i0
852 115 48
i1
73 2384 827
i2
-971 729 1871
i0
851 112 49
i1
75 2386 825
i2
-974 733 1874
i0
850 109 50
i1
77 2387 823
i2
-977 737 1877
i0
848 105 52
i1
80 2389 820
i2
-979 741 1879
i0
847 102 53
i1
82 2391 818
i2
-982 745 1882
i0
846 99 54
i1
84 2392 816
i2
-985 749 1885
i0
845 96 55
i1
86 2394 814
i2
-987 754 1887
i0
843 93 57
i1
89 2396 811
i2
-990 758 1890
i0
842 89 58
i1
91 2397 809
i2
-992 762 1892
i0
841 86 59
i1
93 2399 807
i2
-995 766 1895
i0
839 83 61
i1
95 2401 805
i2
-998 771 1898
i0
838 80 62
i1
97 2402 803
i2
-1000 775 1900
i0
837 76 63
i1
100 2404 800
i2
-1003 779 1903
i0
835 73 65
i1
102 2406 798
i2
-1005 783 1905
i0
834 70 66
i1
104 2407 796
i2
-1008 788 1908
i0
833 67 67
i1
106 2409 794
i2
-1011 792 1911
i0
831 64 69
i1
109 2410 791
i2
-1013 796 1913
i0
830 60 70
i1
111 2412 789
i2
-1016 800 1916
i0
828 57 72
i1
113 2413 787
i2
-1018 805 1918
i0
827 54 73
i1
115 2415 785
i2
-1021 809 1921
i0
826 51 74
i1
117 2417 783
i2
-1023 813 1923
i0
824 48 76
i1
120 2418 780
i2
-1026 818 1926
i0
823 44 77
i1
122 2420 778
i2
-1029 822 1929
i0
822 41 78
i1
124 2421 776
i2
-1031 826 1931
i0
820 38 80
i1
126 2423 774
i2
-1034 831 1934
i0
819 35 81
i1
129 2424 771
i2
-1036 835 1936
i0
817 32 83
i1
131 2426 769
i2
-1039 839 1939
i0
816 29 84
i1
133 2427 767
i2
-1041 844 1941
i0
814 25 86
i1
135 2429 765
i2
-1044 848 1944
i0
813 22 87
i1
138 2430 762
i2
-1046 852 1946
i0
812 19 88
i1
140 2432 760
i2
-1049 857 1949
i0
810 16 90
i1
142 2433 758
i2
-1051 861 1951
i0
809 13 91
i1
145 2435 755
i2
-1054 865 1954
i0
807 10 93
i1
147 2436 753
i2
-1056 870 1956
i0
806 6 94
i1
149 2438 751
i2
-1059 874 1959
i0
804 3 96
i1
151 2439 749
i2
-1061 879 1961
i0
803 0 97
i1
154 2441 746
i2
-1064 883 1964
i0
801 -3 99
i1
156 2442 744
i2
-1066 887 1966
i0
800 -6 100
i1
158 2443 742
i2
-1069 892 1969
i0
799 -9 101
i1
160 2445 740
i2
-1071 896 1971
i0
797 -13 103
i1
163 2446 737
i2
-1074 901 1974
i0
796 -16 104
i1
165 2448 735
i2
-1076 905 1976
i0
794 -19 106
i1
167 2449 733
i2
-1079 909 1979
i0
793 -22 107
i1
170 2450 730
i2
-1081 914 1981
i0
791 -25 109
i1
172 2452 728
i2
-1084 918 1984
i0
790 -28 110
i1
174 2453 726
i2
-1086 923 1986
i0
788 -31 112
i1
177 2454 723
i2
-1088 927 1988
i0
787 -34 113
i1
179 2456 721
i2
-1091 932 1991
i0
785 -38 115
i1
181 2457 719
i2
-1093 936 1993
i0
783 -41 117
i1
183 2459 717
i2
-1096 941 1996
i0
782 -44 118
i1
186 2460 714
i2
-1098 945 1998
i0
780 -47 120
i1
188 2461 712
i2
-1101 950 2001
i0
779 -50 121
i1
190 2463 710
i2
-1103 954 2003
i0
777 -53 123
i1
193 2464 707
i2
-1105 959 2005
i0
776 -56 124
i1
195 2465 705
i2
-1108 963 2008
i0
774 -59 126
i1
197 2466 703
i2
-1110 968 2010
i0
773 -63 127
i1
200 2468 700
i2
-1113 972 2013
i0
771 -66 129
i1
202 2469 698
i2
-1115 977 2015
i0
770 -69 130
i1
204 2470 696
i2
-1117 981 2017
i0
768 -72 132
i1
207 2472 693
i2
-1120 986 2020
i0
766 -75 134
i1
209 2473 691
i2
-1122 990 2022
i0
765 -78 135
i1
211 2474 689
i2
-1124 995 2024
i0
763 -81 137
i1
214 2475 686
i2
-1127 999 2027
i0
762 -84 138
i1
216 2477 684
i2
-1129 1004 2029
i0
760 -87 140
i1
218 2478 682
i2
-1132 1009 2032
i0
758 -90 142
i1
220 2479 680
i2
-1134 1013 2034
i0
757 -93 143
i1
223 2480 677
i2
-1136 1018 2036
i0
755 -96 145
i1
225 2481 675
i2
-1139 1022 2039
i0
754 -100 146
i1
227 2483 673
i2
-1141 1027 2041
i0
752 -103 148
i1
230 2484 670
i2
-1143 1031 2043
i0
750 -106 150
i1
232 2485 668
i2
-1146 1036 2046
i0
749 -109 151
i1
234 2486 666
i2
-1148 1041 2048
i0
747 -112 153
i1
237 2487 663
i2
-1150 1045 2050
i0
745 -115 155
i1
239 2488 661
i2
-1152 1050 2052
i0
744 -118 156
i1
242 2490 658
i2
-1155 1054 2055
i0
742 -121 158
i1
244 2491 656
i2
-1157 1059 2057
i0
740 -124 160
i1
246 2492 654
i2
-1159 1064 2059
i0
739 -127 161
i1
249 2493 651
i2
-1162 1068 2062
i0
737 -130 163
i1
251 2494 649
i2
-1164 1073 2064
i0
735 -133 165
i1
253 2495 647
i2
-1166 1078 2066
i0
734 -136 166
i1
256 2496 644
i2
-1168 1082 2068
i0
732 -139 168
i1
258 2497 642
i2
-1171 1087 2071
i0
730 -142 170
i1
260 2499 640
i2
-1173 1092 2073
i0
729 -145 171
i1
263 2500 637
i2
-1175 1096 2075
i0
727 -148 173
i1
265 2501 635
i2
-1178 1101 2078
i0
725 -151 175
i1
267 2502 633
i2
-1180 1106 2080
i0
724 -154 176
i1
270 2503 630
i2
-1182 1110 2082
i0
722 -157 178
i1
272 2504 628
i2
-1184 1115 2084
i0
720 -160 180
i1
274 2505 626
i2
-1186 1120 2086
i0
718 -163 182
i1
277 2506 623
i2
-1189 1124 2089
i0
717 -166 183
i1
279 2507 621
i2
-1191 1129 2091
i0
715 -169 185
i1
282 2508 618
i2
-1193 1134 2093
i0
713 -172 187
i1
284 2509 616
i2
-1195 1138 2095
i0
712 -175 188
i1
286 2510 614
i2
-1198 1143 2098
